337 196 3.0183
418 215 2.8219
317 220 3.1164
361 223 6.0617
301 235 3.3128
380 237 2.9201
340 243 6.1599
404 273 6.1599
433 273 2.8219
359 284 3.1164
375 291 3.2146
325 303 0.2694
352 309 3.3128
312 322 0.4657
443 330 2.7237
365 332 6.2580
476 343 5.8653
441 357 2.9201
329 360 3.6073
413 406 2.9201
357 413 0.4657
479 414 2.7237
530 426 2.6256
505 427 5.7672
462 430 5.7672
421 433 3.0183
379 436 3.7055
343 448 4.0982
329 466 0.9566
504 471 2.6256
427 472 3.2146
537 475 2.6256
448 491 2.8219
369 497 4.1964
382 501 4.7854
441 502 3.3128
370 510 4.4909
490 547 2.9201
549 550 2.9201
445 562 2.6256
415 566 2.4292
529 566 3.1164
348 567 0.7602
274 568 0.9566
500 573 3.0183
409 578 2.7237
310 588 0.7602
341 591 0.3675
489 594 3.1164
446 596 2.9201
280 604 0.6621
423 604 3.1164
323 607 0.5639
456 612 3.1164
335 615 0.1712
380 615 3.2146
502 616 3.3128
541 622 3.3128
294 630 0.3675
468 638 3.2146
319 651 3.4110
359 659 3.3128
319 660 0.2694
325 686 3.2146
