422 183 5.9396
453 251 2.3071
368 297 5.9396
441 311 5.0560
369 330 3.3870
465 332 4.9578
406 335 4.6633
432 336 4.8597
322 338 4.3688
429 372 4.3688
439 383 4.4670
464 385 4.9578
324 396 4.2706
491 401 2.1108
446 407 4.2706
481 414 2.5035
390 418 1.1290
395 422 4.0743
407 426 1.0308
479 433 2.8962
442 437 0.7363
464 439 3.5834
383 443 1.0308
406 443 0.8345
314 444 0.8345
417 448 0.8345
353 451 0.9327
471 456 3.5834
429 476 0.7363
355 477 0.6381
388 485 0.6381
403 491 0.5400
322 501 0.4418
393 541 4.1724
384 547 3.5834
362 549 0.3436
