407 49 6.0487
443 52 5.8524
394 67 3.1035
454 70 2.7108
418 72 5.9505
371 88 3.4962
380 105 6.1469
396 117 3.1035
476 127 5.3615
331 133 3.8889
418 140 2.8089
490 145 2.2199
354 165 3.8889
428 165 2.6126
406 183 3.6925
469 194 2.2199
311 206 0.8454
397 218 2.1217
463 226 2.3181
348 228 0.4527
306 229 0.6491
385 232 2.8089
355 234 6.1469
474 244 2.3181
462 261 2.7108
406 263 2.8089
312 264 0.2564
488 264 2.6126
346 268 3.1035
484 284 2.9071
432 286 3.0053
352 289 6.2451
309 310 3.2016
358 355 0.0600
384 356 3.1035
350 375 3.2016
382 393 3.2016
401 396 3.1035
325 400 3.2998
349 409 0.3546
