434 31 5.8588
380 54 6.1534
432 65 2.7173
365 74 3.4045
311 80 0.5574
380 91 6.1534
310 111 3.8953
413 125 5.5643
390 126 3.0118
481 133 5.5643
299 141 0.9501
439 164 2.4227
419 166 5.5643
400 176 2.7173
319 185 0.8519
340 191 4.0917
416 198 2.5209
403 207 2.9136
484 214 2.4227
457 226 5.6625
309 239 0.9501
371 243 0.1647
357 247 0.6556
359 253 6.1534
502 255 2.6191
493 264 2.7173
325 269 0.6556
337 272 0.2629
404 272 2.7173
486 276 2.8154
296 279 0.6556
456 286 2.7173
434 295 3.1099
357 299 3.2081
413 301 6.2515
492 301 2.9136
316 304 0.2629
343 315 3.3063
427 327 3.0118
323 345 0.0665
370 398 3.2081
463 406 3.2081
444 424 0.1647
423 433 0.0665
