451 54 5.9221
429 64 3.2714
358 70 0.5225
337 78 3.8605
394 89 0.4243
302 93 0.8170
318 111 0.8170
489 112 2.5842
493 128 5.3331
499 144 2.1915
399 161 0.4243
362 165 0.8170
481 188 2.1915
253 194 1.3079
450 226 2.5842
354 229 0.8170
394 233 0.5225
417 234 6.0203
436 260 2.5842
392 275 0.2280
439 285 5.2349
397 287 6.1185
415 287 2.7805
254 291 1.4061
306 311 0.8170
459 314 2.1915
409 316 3.2714
499 316 1.9951
492 332 2.1915
367 335 0.5225
450 337 2.4860
439 342 2.5842
374 344 0.4243
301 352 0.7189
482 356 2.2897
393 360 0.0316
430 367 2.9769
457 367 2.5842
503 368 2.2897
316 376 0.5225
277 390 0.7189
465 390 2.5842
303 403 0.4243
486 419 2.6824
325 429 0.4243
361 429 0.1298
426 442 3.1732
480 443 3.0751
442 456 0.1298
426 483 3.5659
458 486 3.6641
413 497 0.4243
