402 86 0.0491
339 89 0.6381
379 105 3.5834
349 113 0.5400
456 135 2.9943
359 138 0.5400
387 145 3.5834
440 146 6.0377
294 178 0.9327
473 187 5.5469
353 188 4.0743
397 204 0.1473
352 208 0.8345
437 228 2.7980
388 253 4.0743
366 257 4.2706
282 270 1.4235
402 276 4.3688
481 278 5.2524
389 279 4.4670
421 280 3.9761
391 304 1.3254
527 306 2.0126
373 336 4.7615
396 344 5.0560
292 348 1.4235
357 353 4.3688
515 354 2.3071
492 369 2.4053
374 374 4.7615
320 377 1.2272
339 392 1.0308
360 400 0.4418
487 402 2.7980
393 403 2.6016
415 406 2.6016
355 416 0.1473
429 416 2.6998
480 421 2.8962
464 451 2.8962
