390 183 3.4678
371 206 0.4243
439 222 6.0203
434 255 5.9221
474 271 2.5842
339 290 0.8170
402 293 3.4678
481 300 5.3331
439 319 5.4313
376 324 0.6207
522 325 5.1367
424 340 2.7805
479 344 2.0933
388 345 0.3262
410 353 5.5294
382 375 0.2280
497 392 5.0386
418 400 4.9404
354 414 1.1116
411 417 4.7440
359 418 4.2532
438 422 5.1367
386 423 4.4495
424 442 4.9404
407 449 4.3513
417 457 4.8422
494 465 2.0933
415 468 4.4495
427 473 5.2349
500 488 2.3878
475 491 2.2897
449 492 2.2897
305 495 3.7623
336 505 1.0134
316 509 0.9152
453 509 2.6824
481 513 2.5842
396 516 0.8170
440 522 3.2714
409 524 0.4243
359 525 0.7189
309 529 0.4243
433 542 0.0316
458 543 3.0751
360 548 0.5225
375 564 0.2280
318 573 0.2280
349 576 0.1298
332 586 3.1732
445 601 3.3696
340 608 0.0316
375 613 3.0751
336 623 6.0203
429 624 3.5659
412 626 3.4678
