391 262 3.5834
391 277 0.3436
350 285 0.5400
448 287 5.9396
395 306 3.5834
326 314 3.7797
474 315 2.6998
305 324 0.7363
465 325 5.6450
357 334 0.7363
409 366 6.1359
334 367 0.8345
435 392 5.5469
515 396 2.2089
355 408 0.8345
396 453 5.5469
366 455 0.8345
345 460 0.9327
527 462 2.1108
370 468 0.6381
376 468 0.1473
402 471 2.7980
498 477 5.1542
370 486 0.1473
459 501 2.0126
494 506 2.0126
404 511 4.4670
413 519 4.8597
455 535 2.4053
418 541 3.2889
407 547 0.8345
389 549 1.0308
446 556 2.7980
494 561 2.4053
468 565 2.5035
305 575 0.6381
342 591 0.7363
377 592 0.7363
304 602 0.4418
358 607 0.4418
494 622 2.8962
380 624 0.3436
360 643 0.1473
469 651 6.1359
354 663 6.1359
427 663 6.2341
385 680 3.0925
324 687 3.2889
443 700 3.0925
