396 49 0.0491
414 62 3.2889
395 89 0.2454
327 90 0.6381
362 157 0.6381
504 180 5.4487
435 201 2.6998
361 202 3.9761
428 222 3.1907
389 235 4.0743
413 242 4.0743
377 245 0.9327
425 264 3.7797
427 284 5.1542
397 285 4.3688
402 311 4.8597
388 315 4.3688
309 319 0.9327
508 338 2.4053
424 360 2.5035
491 363 2.6998
402 369 2.9943
354 372 0.5400
331 378 0.5400
360 384 0.2454
325 393 0.0491
368 401 6.1359
509 406 2.7980
415 411 2.8962
469 411 2.7980
352 418 6.0377
414 434 2.9943
320 435 6.0377
475 438 2.8962
476 445 3.2889
