410 23 3.3521
336 54 0.6032
430 71 3.3521
372 87 3.8430
329 90 0.6032
422 102 0.0142
463 103 5.9047
360 127 0.7014
333 139 3.9412
450 141 5.9047
487 165 2.5667
324 179 0.8978
510 191 5.1193
473 204 2.6649
380 217 3.9412
305 218 0.7996
449 219 3.2540
501 235 2.3704
454 237 3.4503
473 246 2.8613
304 250 0.7996
429 250 0.5051
343 252 0.7996
337 270 0.5051
494 271 2.6649
353 277 0.5051
442 288 0.0142
348 294 0.3087
391 295 0.4069
501 300 2.8613
299 303 0.5051
349 303 0.2105
304 316 0.3087
345 340 0.1124
473 347 6.1010
384 384 0.0142
433 388 2.8613
383 401 6.1992
336 403 3.1558
414 425 6.1010
379 436 3.0576
393 444 6.0029
391 459 6.0029
315 488 6.1992
386 517 3.0576
