389 39 6.2167
471 60 5.7258
443 63 2.7805
422 83 2.9769
402 101 3.2714
482 115 5.5294
347 117 3.6641
283 125 0.8170
424 127 3.0751
347 138 0.4243
349 142 3.5659
384 154 0.1298
304 159 0.7189
491 160 5.3331
412 161 6.0203
451 161 5.6276
517 163 2.2897
350 164 0.3262
430 191 5.3331
371 192 0.0316
319 194 0.6207
522 200 2.0933
499 210 2.0933
423 213 5.1367
360 218 0.0316
408 230 2.1915
469 239 5.1367
486 243 2.0933
372 249 3.3696
401 255 4.5477
435 258 4.8422
361 259 3.9586
457 261 5.1367
476 278 1.9951
460 298 2.0933
321 299 0.7189
381 305 0.9152
421 306 0.6207
477 308 2.3878
464 319 2.8787
298 320 0.4243
323 329 3.4678
360 329 0.5225
385 336 0.4243
317 349 0.4243
402 352 0.2280
336 356 0.1298
412 373 3.2714
375 381 0.3262
420 384 0.1298
401 426 6.2167
362 430 3.2714
394 431 0.0316
