445 38 5.9156
418 41 2.9704
468 81 2.5777
300 83 1.0069
337 91 3.6576
371 94 0.0252
322 120 3.8540
440 124 2.7740
422 134 5.9156
302 138 0.7124
384 149 3.5594
464 156 2.4795
487 167 5.2284
390 171 3.6576
498 191 1.9886
258 196 1.0069
435 201 2.6759
416 205 3.2649
377 208 0.7124
290 219 4.1485
434 220 5.2284
353 235 4.1485
408 247 3.6576
315 259 4.2467
426 268 5.1302
336 273 4.3448
419 277 2.5777
456 284 1.9886
300 288 1.2032
308 289 4.2467
407 289 4.8357
490 292 5.1302
382 294 1.2032
258 297 1.1051
505 300 1.9886
346 325 4.8357
293 328 4.5412
422 346 1.9886
371 348 1.7923
282 362 4.6394
444 372 1.9886
409 392 5.6211
471 397 2.2832
368 403 2.2832
437 406 2.4795
347 410 2.2832
409 410 2.4795
325 412 2.3813
373 423 2.5777
462 428 2.5777
354 435 2.7740
400 438 2.7740
324 440 2.4795
427 441 2.8722
400 459 6.2102
