372 117 3.5834
404 117 6.1359
343 141 0.6381
396 160 3.5834
349 170 4.2706
446 173 5.4487
423 184 2.6998
365 203 4.5651
467 222 5.1542
448 224 4.9578
295 227 4.4670
486 233 5.1542
394 235 5.1542
427 240 2.0126
296 241 1.4235
361 247 4.9578
420 253 5.7432
462 255 4.8597
333 262 4.7615
306 265 4.5651
446 267 4.3688
392 269 5.2524
323 272 4.7615
473 278 4.8597
450 279 4.4670
350 285 4.9578
423 285 0.0491
500 294 4.9578
458 298 4.3688
343 309 1.7181
378 310 5.4487
470 312 4.3688
327 319 4.9578
480 323 4.4670
394 326 2.3071
443 332 0.6381
372 333 5.3505
424 341 5.8414
399 342 5.5469
344 380 2.2089
390 383 2.5035
455 385 0.0491
340 388 2.6016
367 396 2.6998
402 413 2.6998
394 422 2.9943
437 429 2.8962
