357 34 0.5400
433 34 3.1907
424 49 6.2341
429 69 3.1907
437 69 6.0377
324 101 3.9761
506 103 2.6016
456 112 5.9396
436 137 6.1359
330 142 0.8345
460 142 2.8962
486 188 5.2524
442 238 2.6998
361 240 1.0308
494 245 5.0560
294 261 1.0308
439 265 2.8962
429 272 4.5651
471 279 4.7615
415 288 4.4670
485 296 4.9578
467 297 4.7615
463 304 4.3688
418 316 1.2272
423 329 1.0308
438 335 0.8345
319 336 3.8779
292 339 0.7363
322 341 0.8345
458 342 0.8345
505 344 1.9144
415 350 0.5400
492 355 2.4053
466 357 5.9396
307 364 0.5400
468 365 3.1907
437 368 0.1473
395 369 0.5400
484 369 2.8962
521 373 2.3071
353 377 0.5400
375 378 0.5400
334 380 0.4418
305 382 0.3436
499 383 2.6998
425 384 6.2341
382 386 0.2454
408 388 6.1359
311 392 0.1473
384 400 6.1359
370 401 6.0377
343 404 0.0491
510 408 2.6998
322 412 0.0491
340 436 5.9396
489 448 2.9943
