417 167 6.1359
367 172 3.7797
472 174 5.7432
459 178 2.6998
335 186 0.8345
360 189 0.5400
313 195 0.9327
408 201 6.2341
369 203 3.6816
478 211 2.6016
453 218 2.7980
346 221 0.7363
361 231 0.6381
431 231 5.8414
403 240 6.1359
271 241 0.9327
410 257 3.2889
476 259 2.6016
306 261 0.9327
447 273 2.6016
332 282 0.8345
320 284 3.9761
391 287 0.2454
295 305 0.9327
334 307 4.0743
362 325 4.2706
457 330 5.5469
436 332 2.7980
489 349 5.3505
386 357 4.6633
461 360 5.1542
488 366 5.2524
331 378 4.3688
296 382 1.0308
353 385 4.5651
453 393 4.1724
484 395 4.8597
467 411 4.2706
362 414 4.8597
405 414 5.5469
513 415 4.9578
501 416 4.7615
320 425 4.2706
408 436 5.5469
493 436 4.3688
398 441 5.2524
353 444 4.8597
460 444 3.4852
324 450 4.5651
334 452 4.7615
337 479 1.7181
469 487 0.6381
422 511 0.1473
417 516 2.7980
