360 226 0.3436
415 249 2.7980
345 251 0.5400
406 256 5.8414
434 258 5.7432
380 276 6.2341
361 283 3.9761
429 284 2.6016
299 292 0.8345
362 296 0.4418
400 306 3.0925
431 332 5.5469
407 335 3.0925
307 343 4.1724
356 354 4.2706
483 358 5.6450
309 367 4.2706
470 374 5.4487
419 381 5.2524
308 398 4.5651
354 398 4.7615
450 403 5.1542
433 404 2.1108
380 413 5.1542
450 420 2.0126
435 424 2.5035
405 426 5.7432
458 433 2.1108
405 435 5.6450
447 439 2.5035
458 446 2.8962
476 447 2.7980
425 451 2.5035
314 454 4.9578
465 456 3.1907
357 457 5.3505
484 465 2.9943
425 469 6.1359
329 472 5.2524
497 475 2.8962
441 485 2.8962
359 491 5.7432
346 497 2.3071
376 497 2.5035
451 514 2.9943
421 539 2.7980
