439 29 5.5578
480 58 2.5144
448 72 2.6126
370 99 6.1469
431 99 5.7542
323 101 0.4527
296 119 0.6491
356 127 3.3980
338 131 0.2564
461 141 2.3181
421 157 5.4597
338 173 0.3546
479 178 5.0670
380 181 5.4597
503 186 4.9688
288 192 0.9436
469 198 4.8706
379 208 2.3181
395 231 4.4779
518 233 1.9254
458 241 4.6743
419 242 4.5761
335 244 4.1834
479 251 4.6743
365 257 4.2816
279 274 4.2816
457 292 4.4779
501 293 5.1651
438 327 1.1400
391 331 0.9436
448 339 0.8454
339 344 0.9436
314 347 0.9436
388 352 0.7473
324 354 0.8454
308 364 0.5509
357 367 0.7473
436 369 0.7473
409 377 0.7473
334 386 0.5509
420 386 0.3546
341 396 0.3546
406 408 0.1582
324 409 0.1582
441 411 0.1582
