373 22 3.4045
415 28 3.1099
353 47 0.5574
371 48 0.3611
330 58 3.9935
440 78 3.0118
417 98 6.1534
327 106 0.8519
470 107 2.6191
417 111 3.2081
393 118 0.2629
423 145 5.8588
387 171 0.4592
466 176 2.4227
503 192 2.4227
294 198 4.0917
364 199 4.0917
426 206 3.2081
293 216 1.1465
422 236 3.7972
347 238 1.0483
409 257 4.2880
402 286 4.4844
299 299 1.0483
407 299 4.7789
418 302 5.2698
401 309 4.3862
430 321 2.1282
326 332 0.8519
379 333 1.0483
413 343 2.4227
384 344 0.2629
491 350 2.4227
362 354 0.6556
334 362 0.6556
463 369 2.5209
471 380 2.9136
443 390 2.8154
343 401 0.3611
412 401 3.0118
373 405 0.0665
456 415 3.2081
440 442 0.0665
