347 50 0.0032
418 58 2.7521
338 65 3.4394
335 90 3.6357
303 122 4.1266
428 122 2.4576
313 124 0.6905
358 128 3.4394
482 128 2.1631
340 155 0.3959
368 170 3.5375
301 179 1.2795
479 180 5.3047
322 181 4.5193
474 197 2.0649
301 198 4.6175
332 225 1.3777
318 243 4.8138
473 253 2.1631
531 257 2.4576
284 258 4.6175
312 297 4.7156
318 305 5.1083
484 309 2.6540
465 336 2.5558
522 341 2.7521
413 343 2.6540
352 347 2.6540
306 349 0.1996
381 350 2.4576
458 350 2.7521
368 355 2.6540
335 361 3.0467
393 379 2.7521
456 385 2.9485
423 392 2.8503
524 393 2.9485
343 398 3.2430
439 403 3.0467
412 420 3.1448
460 432 3.0467
518 434 3.0467
386 440 3.1448
489 440 3.3412
358 447 0.1996
389 456 3.3412
444 458 3.3412
413 468 0.1014
390 489 3.5375
436 493 3.5375
427 508 0.5923
443 509 0.4941
412 516 0.1996
