366 176 0.3112
430 183 0.2130
461 202 0.0166
373 208 3.5509
406 230 0.2130
329 231 0.5075
433 250 0.0166
467 255 3.0600
385 272 3.5509
468 291 6.1035
268 293 0.8020
310 294 3.7473
367 306 0.5075
425 317 0.0166
368 321 3.7473
532 333 5.6126
411 340 3.6491
480 353 5.6126
296 354 4.0418
401 364 0.4093
353 379 0.8020
386 381 3.9436
432 385 6.1035
564 416 5.2199
535 418 5.1217
263 422 4.1400
351 423 0.9984
298 452 0.9984
517 455 4.7290
561 464 5.0235
543 474 4.7290
274 485 0.7039
502 487 4.3363
423 495 3.9436
548 507 4.6308
502 514 1.0966
302 520 0.6057
554 529 4.1400
271 533 0.4093
327 539 0.5075
396 542 0.6057
294 544 0.3112
346 544 0.4093
427 551 0.6057
373 556 0.4093
388 561 0.3112
496 564 0.7039
333 568 0.2130
423 570 0.4093
518 572 0.5075
374 577 0.0166
440 577 0.3112
489 582 0.4093
471 583 0.4093
425 587 0.1148
300 598 0.1148
477 605 0.0166
426 612 6.1035
326 617 6.2016
364 619 3.1582
381 622 6.1035
446 636 2.8637
302 638 6.1035
322 654 2.9619
397 655 6.0053
366 656 6.1035
375 685 5.5144
379 686 5.9071
437 695 2.7655
407 696 2.7655
