435 292 5.8479
322 320 0.7428
357 327 3.6880
456 344 2.6081
423 352 5.7497
508 374 2.2154
447 380 2.5099
398 409 3.8844
381 410 4.0807
428 438 2.9026
429 455 3.4917
475 455 2.2154
502 463 2.1172
351 465 4.4734
397 470 4.4734
369 487 4.4734
380 500 4.8661
324 505 4.2771
396 524 1.7246
356 526 4.7680
460 560 2.3136
366 561 2.4118
450 569 5.6515
400 573 2.1172
338 574 0.3501
386 574 2.2154
321 575 0.6446
439 581 2.4118
372 583 2.6081
344 589 6.1424
308 597 0.4483
463 598 2.6081
372 600 2.8045
429 606 2.7063
403 609 2.6081
392 634 2.8045
469 634 2.9026
312 644 0.1538
364 654 3.0990
412 661 3.0008
464 661 3.0008
410 726 6.2406
