412 34 6.2580
428 69 6.0617
350 90 3.9018
390 92 3.7055
424 94 6.0617
363 131 0.7602
413 170 0.1712
341 185 1.2511
363 204 1.1529
451 204 2.8219
435 213 3.6073
485 220 2.5274
452 223 3.4110
309 235 4.0982
328 242 4.0982
381 242 0.9566
417 244 0.7602
315 245 1.0548
490 247 2.8219
438 249 3.6073
419 252 0.4657
327 266 0.9566
428 270 0.5639
501 277 3.2146
461 278 3.5091
365 282 0.7602
438 286 0.3675
331 292 0.5639
376 296 0.5639
451 297 0.3675
387 305 0.2694
335 315 0.4657
437 328 0.1712
332 331 0.2694
404 367 3.4110
446 372 0.1712
391 376 0.2694
355 378 0.0730
373 389 3.2146
387 394 3.4110
421 394 3.3128
388 494 6.0617
427 494 6.2580
