406 30 3.1448
398 40 6.1883
400 62 3.1448
323 83 3.8321
300 91 0.8868
462 94 5.6974
396 99 0.0032
347 114 3.5375
442 115 2.8503
328 118 0.4941
500 154 5.5992
404 161 6.0901
437 164 2.7521
388 168 3.6357
277 181 1.3777
334 186 4.2248
303 188 1.0832
334 202 4.4211
399 204 3.6357
293 220 4.3229
371 221 1.1813
339 234 4.6175
316 248 4.5193
490 253 5.7956
409 256 5.2065
407 264 1.6722
500 269 2.6540
336 302 2.2613
360 305 2.4576
395 315 2.5558
474 315 3.0467
352 325 2.7521
423 330 2.6540
490 333 3.1448
386 344 2.7521
424 352 2.9485
333 358 6.0901
488 360 3.2430
367 367 3.0467
393 379 3.1448
357 389 0.1014
430 395 0.0032
425 408 3.0467
443 408 6.1883
