421 341 0.1757
401 402 0.2738
489 415 5.4771
367 420 3.8081
465 427 5.5753
342 433 0.7647
455 440 5.2807
497 456 2.1392
385 474 0.5684
476 474 5.0844
390 498 0.4702
452 498 4.8880
505 509 1.9428
474 514 4.8880
392 517 4.1027
323 518 0.8629
492 527 4.7899
403 531 4.3972
485 539 1.7465
449 549 4.4953
476 554 4.6917
468 572 4.4953
487 573 4.8880
422 589 4.2990
348 619 3.7100
470 633 0.7647
306 639 0.6665
433 639 0.7647
360 648 0.6665
318 649 0.5684
384 658 0.1757
334 668 0.2738
384 698 0.3720
405 702 0.2738
421 719 0.0775
353 746 0.1757
