438 231 6.0029
484 245 2.7631
445 263 5.9047
384 264 0.4069
438 270 3.1558
330 291 4.0394
416 293 0.0142
384 294 0.5051
451 296 5.7083
299 316 4.0394
507 321 5.2175
306 324 0.9959
405 324 0.0142
480 332 5.2175
295 341 4.0394
401 353 6.0029
352 361 0.9959
322 366 0.9959
365 368 0.8978
382 368 0.5051
387 377 0.0142
498 392 4.9229
398 403 4.3339
408 408 4.4321
354 410 1.0941
456 422 4.6284
510 424 4.8248
442 432 4.4321
354 434 4.2357
362 439 4.3339
309 440 1.1923
414 443 4.1375
343 454 1.0941
388 468 0.9959
340 481 0.9959
405 481 4.1375
485 484 4.5302
353 495 0.9959
496 498 4.7266
299 503 0.7996
478 519 1.2905
357 529 0.7996
312 533 0.5051
428 544 0.9959
348 548 0.5051
488 552 0.8978
460 554 0.7996
389 567 0.6032
453 567 0.5051
465 568 0.5051
365 571 0.4069
408 571 0.6032
432 577 0.4069
414 586 0.3087
