461 119 2.7521
428 142 2.9485
332 146 0.5923
408 163 6.0901
480 166 5.5992
322 187 0.7886
361 203 0.4941
432 215 5.3047
462 225 5.3047
494 225 5.4029
325 228 0.8868
346 228 4.0284
355 238 0.5923
401 266 2.3594
410 279 4.8138
498 281 5.2065
371 286 4.3229
487 286 5.0102
301 292 1.2795
463 296 4.9120
421 308 4.5193
367 309 4.3229
409 324 1.4759
345 330 1.0832
504 343 4.6175
384 344 4.1266
307 360 0.6905
418 361 1.1813
342 364 0.6905
363 380 0.6905
497 380 0.6905
387 381 3.6357
456 391 0.8868
365 393 0.4941
477 406 0.6905
394 419 0.3959
483 420 0.4941
428 422 0.4941
317 431 0.0032
400 446 0.2978
455 447 0.1996
498 452 0.0032
339 455 0.0032
351 472 3.1448
373 509 3.2430
406 518 6.0901
433 531 2.7521
433 545 0.1014
448 569 3.0467
351 571 6.0901
345 591 6.0901
