428 116 0.3436
383 126 0.5400
322 137 0.5400
383 146 3.6816
460 170 3.3870
380 178 0.5400
347 179 3.6816
457 182 0.0491
415 211 0.3436
444 211 3.3870
505 227 3.0925
484 231 0.0491
428 244 0.3436
369 257 0.6381
459 265 3.3870
477 266 6.0377
291 283 3.9761
434 285 0.2454
357 287 3.9761
526 296 2.6016
415 307 3.7797
438 309 0.1473
469 316 5.8414
383 321 0.8345
332 323 0.9327
404 341 0.8345
542 345 5.5469
557 346 2.4053
445 347 6.1359
408 354 0.6381
448 360 5.6450
333 369 1.0308
525 376 5.2524
458 380 4.7615
491 381 5.0560
480 404 4.4670
518 404 5.0560
496 405 4.9578
254 415 0.6381
493 416 4.6633
311 443 3.9761
511 454 4.4670
333 455 1.0308
517 456 4.7615
295 471 0.8345
506 488 1.0308
396 490 3.7797
478 493 0.9327
329 495 0.6381
350 500 0.5400
402 503 0.8345
264 508 0.0491
364 510 0.4418
498 510 0.4418
289 512 0.2454
473 519 0.5400
446 520 0.6381
325 522 0.1473
401 529 0.4418
380 535 0.3436
411 539 0.2454
455 540 0.3436
268 544 6.2341
361 545 0.0491
415 551 0.0491
462 562 0.1473
433 570 6.2341
