394 46 6.1534
365 67 0.2629
379 74 0.0665
441 74 2.7173
374 81 6.1534
313 86 3.6990
438 91 2.8154
360 94 3.1099
462 96 5.7607
371 99 6.0552
370 108 3.2081
353 114 3.6008
359 135 3.7972
299 157 0.7538
409 170 2.9136
399 205 3.5026
324 211 4.3862
395 214 4.2880
414 228 5.3680
511 234 5.3680
392 245 4.8771
373 246 4.7789
485 259 2.0300
293 270 4.5826
324 279 4.7789
420 319 2.2264
300 320 4.2880
323 322 5.1716
309 323 4.7789
468 323 2.3246
503 344 2.9136
456 352 2.6191
390 355 2.4227
358 356 2.3246
299 358 0.6556
296 368 0.0665
418 368 2.6191
464 373 2.9136
354 375 2.4227
449 375 2.9136
490 377 3.1099
456 381 6.2515
357 388 2.6191
379 388 2.6191
491 395 3.2081
317 396 3.1099
441 413 3.0118
354 414 2.8154
417 415 2.8154
462 417 3.2081
437 444 2.9136
367 445 3.4045
354 455 0.2629
430 469 0.1647
