456 170 3.5006
415 190 0.5554
399 212 3.8933
516 226 2.6170
479 230 6.0532
362 231 3.8933
378 235 3.9915
430 239 0.6535
486 245 3.3043
460 247 3.8933
404 252 4.0897
365 256 0.9481
436 261 0.7517
471 265 4.2860
454 273 4.0897
434 277 0.8499
417 287 4.7769
326 288 3.9915
340 289 4.0897
373 292 4.4824
389 294 4.5805
353 297 4.4824
455 300 3.6970
399 304 4.9732
432 318 2.6170
374 331 1.6353
407 332 2.1262
389 335 2.3225
402 337 2.5189
342 345 0.5554
322 347 0.3590
503 347 4.1878
450 349 3.5988
351 351 6.1513
405 352 2.9116
464 353 3.8933
321 367 0.0645
376 373 2.9116
421 376 3.3043
488 404 0.9481
452 406 3.5006
338 409 6.1513
419 411 0.3590
369 413 6.1513
429 430 0.3590
464 444 0.3590
385 445 6.2495
333 463 6.0532
295 480 2.9116
409 506 6.1513
340 508 6.0532
310 576 6.1513
341 601 3.1079
259 612 2.7152
300 631 3.1079
