398 239 0.2454
460 255 0.0491
408 271 0.1473
452 281 6.2341
370 336 0.3436
404 355 3.2889
358 357 3.5834
405 387 0.1473
451 400 2.8962
399 413 0.3436
307 415 3.9761
447 416 5.9396
425 423 6.0377
396 424 3.6816
357 432 3.9761
323 446 3.9761
334 453 0.8345
383 453 0.5400
408 466 6.0377
471 468 5.4487
436 475 5.3505
361 484 0.8345
268 487 1.0308
456 487 5.2524
324 494 1.0308
361 500 0.7363
370 503 0.4418
417 506 5.0560
398 507 5.1542
484 512 5.1542
322 521 0.8345
259 527 4.0743
472 533 5.0560
366 539 3.9761
526 542 5.3505
465 549 4.7615
526 554 5.0560
273 556 1.0308
449 558 4.4670
397 562 4.0743
358 567 0.8345
305 573 0.8345
491 573 4.5651
501 573 4.8597
395 589 3.9761
440 591 4.0743
404 594 1.1290
445 595 1.2272
500 598 4.2706
403 606 3.8779
372 611 0.8345
290 622 0.6381
399 622 3.7797
272 624 0.7363
482 628 0.8345
415 629 0.8345
492 636 0.4418
322 637 0.5400
291 642 0.3436
349 642 0.4418
456 645 0.5400
361 649 0.4418
438 650 0.6381
447 655 3.7797
328 664 0.2454
435 670 0.6381
344 672 0.1473
300 684 6.2341
400 686 0.3436
421 687 0.3436
