370 154 0.5400
429 164 2.9943
338 191 0.8345
472 194 2.3071
376 195 0.5400
448 202 2.6998
471 219 5.2524
464 226 2.5035
417 233 5.9396
476 234 2.2089
388 245 0.5400
406 258 5.9396
319 287 3.9761
472 301 5.2524
438 311 5.0560
321 321 3.9761
422 324 4.7615
289 326 0.8345
490 343 5.1542
463 345 4.8597
436 354 4.5651
397 368 4.1724
411 375 4.1724
477 377 4.8597
467 379 1.7181
373 394 4.0743
443 415 4.0743
339 419 0.8345
315 422 0.8345
347 432 0.8345
373 433 0.8345
356 453 0.5400
411 455 0.8345
448 483 0.7363
428 488 0.7363
376 493 0.6381
400 495 0.5400
