289 69 0.6795
491 96 2.2503
449 97 2.5448
299 101 4.0175
337 107 0.2868
454 113 5.4901
278 122 0.9740
480 122 5.3919
358 128 6.1773
347 131 3.7229
400 144 2.5448
373 146 3.2321
426 153 5.2937
355 163 4.0175
264 166 4.5083
506 176 2.2503
361 184 4.3120
375 192 4.3120
384 198 5.2937
316 202 4.8029
377 205 4.9992
288 207 4.7047
366 216 5.0974
416 232 2.1521
476 247 5.1956
424 249 2.0540
305 264 4.9992
432 269 2.4467
486 276 2.1521
458 277 2.0540
386 284 5.4901
281 293 4.8029
468 297 2.4467
446 306 2.4467
303 317 4.9010
520 330 2.7412
310 334 5.1956
475 335 2.7412
460 339 2.8394
404 344 2.5448
340 355 2.3485
316 356 5.4901
435 356 2.8394
365 362 2.5448
337 366 2.6430
387 367 2.5448
475 372 2.9375
504 372 2.9375
359 386 2.9375
422 386 2.9375
398 393 2.8394
468 411 3.0357
475 425 3.3302
398 428 3.3302
376 434 3.3302
376 446 0.3850
502 456 0.1886
