424 82 5.6625
431 99 2.6191
400 106 3.0118
367 108 0.0665
360 114 3.4045
344 131 0.3611
320 133 0.6556
356 141 3.6008
397 159 3.1099
428 159 2.4227
314 171 4.0917
416 172 5.2698
296 178 0.9501
292 188 4.1899
415 188 2.4227
473 193 5.0734
368 195 4.2880
345 197 4.3862
497 199 5.2698
327 207 4.3862
515 216 2.1282
442 222 4.7789
408 223 1.9319
376 227 5.0734
401 231 2.1282
304 239 4.3862
433 247 4.4844
368 256 5.2698
449 256 4.6807
470 259 4.7789
309 268 4.4844
340 269 5.0734
418 269 3.2081
324 271 4.9753
353 277 5.2698
320 285 4.7789
435 286 4.2880
447 290 4.3862
291 291 4.3862
420 299 3.2081
318 305 4.8771
409 310 2.9136
345 313 2.1282
501 318 4.6807
380 319 2.6191
458 319 4.0917
422 329 3.4045
481 330 4.2880
288 332 1.2446
364 332 2.6191
402 332 3.0118
306 341 0.8519
350 348 3.1099
386 349 3.1099
311 351 0.4592
476 354 3.9935
415 363 3.4045
469 372 0.8519
366 379 0.2629
417 381 0.4592
457 386 0.4592
479 396 0.3611
345 405 0.2629
455 406 0.2629
401 412 0.3611
432 426 3.5026
399 432 3.4045
382 534 3.6008
