363 39 0.5749
341 48 4.0110
318 55 0.8694
327 92 0.9675
412 95 3.7164
338 111 0.9675
402 116 0.5749
451 128 5.6799
300 139 0.9675
319 139 4.0110
405 139 3.8146
392 147 0.6730
489 159 2.3420
305 166 0.8694
354 167 0.9675
375 177 4.1091
395 180 0.7712
416 183 0.0840
343 190 4.2073
420 204 5.7781
354 210 1.0657
388 230 1.0657
445 234 5.1891
391 235 4.2073
412 243 5.7781
439 264 4.9927
288 271 0.8694
455 281 5.0909
323 298 0.9675
421 299 4.5018
442 302 4.7964
452 320 4.7964
513 330 2.3420
320 338 3.9128
496 353 2.6365
326 354 0.8694
451 359 0.7712
297 360 0.7712
432 362 1.0657
374 368 0.8694
394 380 0.6730
430 388 0.5749
503 388 2.9310
327 395 0.5749
345 400 0.3785
366 405 0.4767
512 406 3.1274
392 415 0.3785
436 415 0.1822
379 437 0.1822
452 440 3.2256
417 446 0.1822
420 459 0.0840
441 469 3.3237
