450 153 5.6211
347 161 3.6576
413 163 3.2649
472 163 5.4248
382 167 0.3197
395 182 0.2215
401 195 6.2102
454 196 2.4795
334 204 3.8540
482 212 2.0868
417 230 5.8175
496 233 1.9886
465 235 2.1850
430 246 5.3266
390 264 6.2102
490 271 4.9339
372 278 0.4179
464 284 1.7923
439 293 1.6941
419 305 4.5412
437 314 4.4430
428 319 1.4978
329 321 1.1051
460 327 4.6394
375 336 4.1485
476 336 4.7375
439 338 4.4430
380 347 4.1485
469 369 4.6394
415 379 4.2467
343 390 1.0069
431 392 4.3448
494 392 4.6394
361 394 3.9521
375 405 4.0503
314 408 0.9087
466 412 1.4978
390 414 4.1485
332 417 0.9087
440 419 1.3014
362 448 0.9087
389 461 1.0069
339 469 0.7124
374 474 0.7124
420 474 0.9087
401 481 0.6142
385 482 0.4179
424 484 0.5160
368 493 0.3197
