358 218 0.2454
443 264 5.5469
330 278 3.5834
390 301 3.0925
344 305 0.3436
426 306 5.5469
453 307 2.3071
447 320 2.4053
505 336 2.2089
283 355 0.9327
341 366 0.5400
297 380 3.8779
382 384 5.4487
306 392 3.9761
483 392 2.1108
463 398 5.1542
420 399 5.0560
408 404 4.8597
380 408 3.1907
396 422 4.8597
297 425 1.0308
445 439 5.0560
454 440 1.9144
402 465 4.5651
418 491 4.6633
273 496 0.7363
429 507 4.8597
410 515 4.1724
294 521 0.5400
305 534 0.4418
419 535 1.4235
400 537 1.0308
448 537 2.1108
381 544 0.6381
446 549 3.0925
342 558 0.3436
339 571 0.1473
366 571 0.2454
