414 225 0.2978
421 240 0.1014
376 249 3.5375
397 271 0.2978
485 280 2.9485
339 283 0.4941
448 312 6.0901
426 344 6.0901
394 352 0.1996
302 360 3.9302
352 362 0.4941
472 366 5.5992
432 377 5.7956
250 389 4.1266
502 389 5.4029
440 415 5.5010
539 419 5.3047
324 420 0.8868
413 438 5.6974
257 439 1.0832
336 442 0.9850
497 459 5.1083
484 471 4.9120
410 481 4.2248
523 486 5.0102
375 487 4.0284
340 491 4.0284
459 499 4.5193
261 508 0.8868
556 514 4.9120
508 520 4.7156
267 525 0.6905
545 530 4.8138
406 540 4.1266
461 542 4.2248
310 550 0.7886
519 552 4.6175
263 554 0.4941
264 569 0.1996
282 578 0.1014
243 581 0.1014
543 582 4.4211
370 583 0.6905
260 596 6.1883
558 602 4.0284
379 603 3.7339
316 605 0.1014
432 610 0.8868
532 616 1.0832
496 626 0.9850
278 630 6.1883
526 633 0.8868
370 640 0.5923
429 647 0.8868
361 651 0.0032
392 651 0.4941
504 654 0.7886
346 659 6.0901
372 664 2.9485
479 665 0.6905
404 666 0.3959
289 671 3.0467
453 674 0.4941
370 676 0.0032
419 676 0.2978
291 679 6.1883
503 679 0.4941
384 691 5.9919
438 692 0.1996
416 693 6.0901
477 701 0.2978
308 714 6.1883
457 716 0.0032
