445 33 6.1664
385 51 3.6138
450 61 5.9700
370 63 0.4722
456 113 5.8718
386 136 0.3740
335 144 3.9083
442 144 5.8718
388 154 0.1777
358 155 0.4722
310 171 0.8649
401 173 6.0682
294 177 1.0613
363 187 0.3740
414 190 5.7737
267 195 4.1047
346 209 0.5704
321 211 0.7667
471 216 5.2828
370 222 6.0682
406 223 5.4791
330 229 0.5704
542 229 5.2828
368 230 5.7737
498 248 5.1846
348 253 6.0682
340 262 5.8718
233 263 4.4974
319 265 0.8649
265 271 4.5956
389 276 4.9883
402 276 4.9883
506 280 1.9448
368 283 4.9883
352 288 4.6937
303 295 1.1594
422 298 4.9883
286 300 1.3558
403 302 1.8467
273 305 1.4540
399 309 4.7919
505 309 4.9883
342 310 4.2029
534 317 4.9883
265 318 1.3558
284 329 0.8649
523 332 1.8467
496 334 4.8901
262 335 1.0613
309 337 3.9083
344 339 4.3010
246 345 1.2576
262 355 0.7667
235 356 1.2576
351 358 4.2029
284 364 0.6686
534 366 4.7919
388 370 4.3992
256 372 0.4722
543 376 4.9883
449 377 4.4974
240 391 0.8649
343 391 4.1047
518 395 4.5956
297 397 3.4175
250 407 0.4722
555 413 5.1846
324 416 0.8649
550 423 4.6937
560 435 4.9883
303 438 3.6138
269 439 0.3740
556 439 4.3010
285 449 0.3740
316 450 0.6686
505 460 1.0613
540 466 0.9631
298 469 0.2759
459 471 1.0613
516 474 0.9631
549 476 0.5704
359 477 0.6686
474 484 0.8649
518 490 0.6686
325 491 0.3740
294 499 0.0795
417 501 0.6686
388 502 0.5704
459 511 0.5704
421 516 0.3740
303 518 6.2645
340 520 0.1777
396 523 0.2759
325 533 3.0248
