383 133 3.2540
360 135 0.1124
360 145 3.3521
398 164 3.0576
462 191 5.6102
328 215 3.6467
391 220 3.4503
446 221 2.6649
467 232 5.5120
429 239 5.7083
388 249 3.4503
291 250 1.0941
503 256 5.3156
334 264 0.6032
502 281 2.0759
425 282 5.3156
335 294 4.0394
378 304 0.1124
500 305 2.0759
459 307 2.1740
435 318 2.2722
419 321 2.5667
330 333 0.9959
504 337 2.0759
400 344 3.4503
427 344 2.3704
466 345 2.2722
417 352 5.6102
387 355 0.1124
375 371 0.5051
469 373 2.3704
444 376 2.3704
428 382 2.5667
322 384 0.8978
433 397 2.7631
340 401 4.0394
387 401 3.4503
314 410 0.7996
359 410 0.6032
333 415 0.8978
454 415 2.7631
398 434 3.2540
332 442 0.7014
392 448 3.3521
