421 292 0.6381
372 299 0.8345
324 320 3.7797
488 331 0.0491
509 344 3.1907
523 357 3.1907
489 359 0.1473
443 372 0.3436
506 379 3.1907
357 387 0.7363
473 393 0.1473
447 405 3.6816
482 432 0.0491
549 433 5.5469
523 437 5.5469
466 445 0.1473
481 451 5.7432
305 452 4.0743
406 464 4.3688
546 473 5.0560
486 480 4.4670
339 482 4.3688
455 482 1.0308
533 487 4.8597
418 498 5.0560
291 500 4.2706
390 500 4.6633
489 501 3.9761
498 512 4.1724
322 517 4.4670
248 518 4.1724
457 519 3.1907
276 520 4.3688
520 523 4.3688
551 527 4.5651
498 541 4.0743
433 544 2.5035
545 562 4.3688
283 563 4.2706
394 563 5.6450
289 567 4.6633
303 569 4.9578
419 570 2.7980
272 589 4.1724
433 596 3.2889
315 601 2.1108
363 605 6.0377
379 605 2.6998
261 609 0.8345
265 616 0.2454
338 622 2.4053
330 627 2.6016
408 631 2.9943
507 634 0.8345
258 637 6.1359
271 652 2.7980
448 661 0.4418
518 663 0.6381
275 666 6.0377
314 666 2.8962
426 686 0.1473
344 688 2.8962
477 693 0.2454
451 699 0.0491
362 701 6.2341
381 702 3.0925
377 741 3.0925
