405 119 5.8479
359 127 3.4917
413 134 5.7497
399 138 3.0008
428 138 2.7063
334 145 0.5465
397 147 5.8479
345 158 3.7862
416 159 2.6081
400 176 2.9026
390 191 3.2953
418 193 5.6515
353 198 0.6446
294 212 1.1355
344 214 4.4734
473 225 2.2154
329 228 4.3753
294 232 1.4300
511 235 1.8227
394 238 3.9826
391 244 5.1607
340 250 4.7680
330 269 4.7680
489 275 5.2588
320 286 4.5716
411 291 5.1607
480 292 2.1172
428 294 5.3570
339 324 5.3570
466 326 2.2154
461 335 2.3136
432 341 2.2154
422 342 5.5534
480 349 5.6515
366 354 2.5099
400 358 2.2154
367 368 2.5099
477 374 2.5099
386 392 2.5099
413 392 2.5099
448 393 2.7063
