352 171 3.2889
391 176 3.1907
352 185 0.2454
423 192 2.7980
438 206 5.8414
318 207 3.7797
470 220 5.5469
425 224 2.6998
381 226 3.2889
304 235 0.7363
510 244 2.4053
361 245 3.5834
377 248 3.7797
367 250 3.7797
293 252 3.9761
457 268 2.4053
535 291 5.2524
397 292 3.7797
326 310 4.5651
471 318 2.3071
530 324 5.3505
455 326 5.4487
520 326 2.2089
243 337 4.4670
429 338 5.4487
413 340 5.3505
548 347 2.2089
531 353 2.4053
304 355 4.7615
402 355 5.2524
374 360 5.1542
259 361 4.5651
499 372 5.7432
460 373 2.3071
551 379 2.6998
529 390 2.6998
252 398 4.8597
279 399 4.9578
269 410 1.6199
526 416 2.8962
536 426 3.2889
254 434 5.2524
508 443 2.9943
247 448 5.3505
264 452 2.1108
530 458 3.3870
336 465 2.3071
302 469 2.3071
479 481 2.9943
440 485 2.6016
268 489 2.6016
302 494 2.4053
462 497 2.9943
358 502 2.5035
430 507 2.6998
322 511 2.6016
299 516 2.6016
398 516 2.6998
537 520 3.4852
427 521 2.9943
360 522 2.6998
389 530 2.8962
347 534 2.8962
437 539 3.1907
297 543 2.7980
388 555 3.1907
518 555 0.3436
346 558 2.9943
366 558 3.0925
331 567 3.1907
407 570 3.5834
497 570 3.4852
302 575 3.1907
480 594 0.2454
376 595 3.6816
