432 150 5.7432
431 168 2.6998
480 175 2.4053
417 183 5.7432
345 203 3.4852
473 211 2.4053
464 217 5.3505
319 219 0.5400
499 236 5.1542
483 244 2.1108
450 261 2.3071
514 265 2.0126
532 271 1.9144
321 283 0.6381
392 297 2.8962
510 298 5.0560
337 301 0.5400
395 305 5.3505
488 306 1.9144
474 312 4.9578
375 316 5.5469
452 316 2.0126
517 321 1.8162
351 335 0.1473
330 338 0.8345
505 352 4.9578
294 362 4.2706
346 376 4.2706
495 395 1.9144
448 404 4.9578
355 409 4.2706
370 421 4.3688
401 424 4.7615
427 432 4.7615
384 443 4.4670
305 447 1.0308
447 468 5.0560
426 494 4.7615
350 502 0.8345
311 505 0.3436
350 516 0.5400
449 521 2.3071
371 523 0.7363
398 523 1.0308
409 525 0.8345
442 529 3.2889
298 531 0.1473
468 534 2.4053
426 537 0.1473
353 539 0.1473
398 545 0.1473
466 560 2.6998
366 575 0.1473
393 579 0.0491
