351 98 0.5400
452 106 2.8962
374 118 0.3436
396 124 0.0491
466 124 2.8962
337 128 3.7797
491 171 5.5469
505 176 2.4053
312 187 4.0743
475 193 5.1542
418 201 3.1907
409 218 3.9761
365 221 4.3688
314 233 4.3688
477 233 4.7615
412 237 4.4670
490 237 5.0560
455 244 4.6633
334 251 4.8597
438 254 4.2706
395 260 1.6199
349 263 5.0560
365 265 1.7181
327 266 4.8597
378 270 5.6450
517 277 5.0560
339 278 1.8162
409 287 3.4852
427 288 3.9761
476 291 4.4670
297 293 4.8597
380 295 2.3071
353 297 5.4487
283 300 4.7615
324 301 5.4487
367 302 5.8414
504 308 4.6633
470 310 4.1724
387 312 2.9943
367 313 2.3071
358 315 6.0377
471 315 1.4235
490 315 4.2706
351 316 2.3071
440 316 3.9761
509 325 4.6633
318 331 2.4053
398 331 3.2889
439 331 3.8779
368 334 2.6998
357 344 2.8962
406 357 0.5400
482 362 0.8345
368 376 3.1907
414 379 0.5400
337 382 2.9943
351 383 0.1473
473 387 0.5400
425 389 0.3436
407 408 0.0491
374 410 3.2889
347 414 3.2889
360 428 0.1473
434 438 0.1473
403 456 6.2341
421 465 2.9943
431 500 0.5400
458 507 0.4418
337 523 0.5400
474 526 3.4852
