384 132 0.3043
326 157 0.8933
460 174 5.9984
400 201 3.5440
304 206 4.1331
319 218 0.9915
277 219 0.9915
378 221 0.5988
458 222 2.8568
427 224 5.9984
403 264 3.6422
419 266 6.0966
311 271 1.1878
269 277 4.2313
287 288 4.3294
443 310 3.0532
314 316 4.3294
402 318 4.2313
340 319 4.4276
250 326 1.3842
490 326 2.2678
498 329 5.3112
422 332 4.1331
450 336 3.0532
514 351 2.1696
504 369 5.3112
542 391 1.9732
425 406 5.0167
307 410 1.2860
411 419 4.9185
535 420 2.0714
365 436 4.5258
508 440 2.2678
527 441 2.2678
439 453 5.1148
380 464 4.7221
518 470 2.4641
501 477 5.7039
368 503 4.7221
503 510 2.5623
500 522 2.8568
395 526 2.1696
426 535 2.4641
359 538 0.3043
400 538 2.6605
451 541 2.7586
486 544 2.9550
451 555 6.0966
418 559 2.8568
398 577 3.2495
