367 361 0.6381
467 377 5.9396
310 382 1.1290
421 410 3.3870
292 427 0.9327
504 444 2.6016
362 445 0.5400
333 472 3.9761
377 475 3.9761
525 490 5.1542
410 495 3.7797
462 503 5.4487
337 516 0.9327
467 525 2.3071
385 528 1.0308
482 530 2.1108
384 542 4.1724
453 558 2.4053
372 564 1.1290
397 566 4.3688
336 584 4.1724
413 591 4.9578
354 600 0.9327
430 620 2.1108
338 623 0.8345
307 634 0.7363
332 640 0.5400
378 640 6.1359
419 646 2.4053
502 653 2.4053
405 656 2.6998
367 657 6.2341
441 658 2.4053
327 661 0.4418
340 681 0.0491
390 684 2.9943
311 685 0.1473
373 693 6.1359
511 693 2.6016
311 704 6.2341
355 709 2.9943
416 720 2.8962
453 746 3.0925
