339 324 3.6008
381 325 3.5026
464 341 3.6008
441 351 0.4592
483 360 0.2629
370 364 0.4592
437 399 0.3611
517 416 6.1534
310 418 0.7538
494 439 0.0665
525 446 2.9136
427 450 0.3611
486 451 3.3063
264 465 3.6990
522 480 3.0118
337 485 3.7972
467 488 0.3611
494 503 3.5026
375 509 3.9935
530 515 6.0552
453 537 0.4592
274 543 3.7972
399 543 3.9935
571 546 2.5209
289 549 3.8953
405 556 0.8519
467 557 0.3611
273 566 0.8519
306 571 0.8519
324 571 3.9935
233 595 3.7972
545 602 2.9136
440 605 3.8953
418 611 0.7538
347 636 0.9501
304 640 3.9935
415 644 0.8519
266 661 3.6990
341 664 0.7538
241 668 0.4592
436 668 0.8519
275 670 0.8519
497 671 0.5574
318 687 0.6556
260 690 0.6556
293 690 0.7538
360 707 0.4592
321 711 0.2629
299 714 0.4592
265 728 0.2629
373 736 0.5574
