348 293 0.3327
489 311 5.8304
432 344 5.9286
404 346 6.1250
502 348 5.7323
427 349 2.8852
347 353 0.4308
321 360 3.7688
325 373 3.8670
485 411 5.4377
327 415 4.1615
392 455 0.2345
478 456 5.1432
343 465 1.1181
514 470 5.1432
349 479 4.3578
464 487 4.8487
367 493 4.4560
388 504 4.3578
420 505 4.5542
493 512 4.8487
365 527 1.3144
352 532 4.2596
484 532 4.5542
401 537 4.4560
497 537 4.8487
315 541 3.8670
342 544 1.1181
510 545 5.0450
455 559 4.3578
409 569 1.2162
508 570 4.3578
377 585 1.1181
467 599 1.1181
326 609 0.3327
436 627 0.8235
333 632 0.1363
401 632 0.7254
353 634 0.3327
425 653 0.5290
392 662 0.3327
