356 35 2.9943
373 81 2.9943
319 90 3.1907
297 93 0.1473
418 105 5.7432
458 107 5.6450
332 108 0.0491
299 113 3.3870
358 117 6.1359
402 122 2.6998
331 129 6.2341
367 134 2.9943
449 149 5.5469
269 163 3.6816
365 169 5.8414
321 170 0.0491
482 181 5.3505
304 192 3.6816
398 194 2.6016
372 201 2.6998
421 208 5.3505
438 213 2.2089
325 214 3.5834
276 217 3.9761
384 224 2.6998
354 232 3.2889
250 235 0.9327
458 240 4.8597
489 251 4.8597
534 251 5.1542
501 253 5.0560
393 261 2.6998
375 265 3.3870
440 266 4.0743
306 275 4.2706
346 277 4.3688
314 284 4.5651
436 285 1.1290
477 290 4.2706
390 294 3.7797
457 295 3.6816
399 300 0.0491
481 310 4.0743
305 311 4.3688
317 314 5.0560
414 318 0.0491
381 321 1.1290
364 322 1.6199
415 326 6.1359
397 332 5.7432
440 338 0.2454
334 340 2.2089
278 342 1.0308
290 348 0.8345
299 353 6.2341
395 355 2.4053
465 361 0.4418
341 365 2.5035
288 368 6.1359
524 372 0.6381
440 373 0.0491
262 376 0.0491
397 381 2.6016
517 388 0.4418
385 391 2.6016
448 399 3.0925
482 408 0.2454
391 434 2.8962
409 459 3.0925
370 461 3.0925
322 464 3.0925
427 472 3.1907
356 474 3.2889
328 479 0.0491
