359 293 3.6816
456 295 5.7432
411 313 6.1359
456 319 5.7432
342 322 3.8779
445 331 5.6450
357 332 0.6381
435 332 2.8962
378 334 0.3436
403 346 6.1359
307 362 4.1724
413 370 2.9943
383 377 0.1473
442 380 5.4487
318 388 4.2706
434 405 2.4053
393 410 3.7797
333 416 1.1290
318 417 1.2272
344 417 1.0308
409 418 3.4852
347 433 0.8345
400 434 4.3688
472 437 5.1542
378 443 4.4670
433 443 2.2089
370 445 3.9761
325 448 5.3505
346 451 0.8345
319 461 5.3505
466 464 5.1542
340 468 2.2089
477 468 2.1108
344 474 5.9396
375 475 2.6998
416 479 5.2524
435 481 5.2524
499 482 2.0126
325 486 5.7432
515 495 1.8162
449 508 2.2089
350 510 2.6016
375 511 2.6016
427 511 2.1108
396 512 2.3071
502 518 2.1108
479 524 2.3071
372 541 2.6016
460 541 2.4053
333 545 2.6998
415 551 2.4053
378 557 2.6016
436 564 5.6450
487 566 2.4053
335 569 2.7980
327 573 5.9396
454 577 2.5035
348 581 2.7980
444 586 2.6016
341 595 2.8962
434 599 2.6016
396 620 2.7980
340 691 6.0377
416 715 2.8962
