395 109 3.3870
366 111 0.3436
436 134 5.8414
475 138 2.6016
455 145 2.7980
334 148 0.6381
417 158 6.2341
309 161 4.0743
324 179 0.8345
418 184 6.1359
423 199 5.9396
441 204 2.6998
375 218 0.6381
525 250 4.9578
311 253 4.3688
453 275 3.4852
315 281 4.7615
503 297 4.5651
284 300 5.2524
309 302 1.7181
343 302 6.0377
406 302 0.5400
462 304 3.7797
435 306 3.5834
346 308 5.9396
397 308 3.2889
346 319 5.7432
442 321 0.3436
365 323 6.1359
330 324 2.0126
503 329 4.5651
392 330 3.2889
416 331 0.4418
378 343 3.0925
314 346 2.4053
434 352 0.8345
437 357 3.6816
421 360 3.8779
395 389 0.5400
391 395 3.4852
355 402 2.7980
309 404 5.9396
447 406 0.6381
405 412 0.4418
377 419 0.0491
428 419 0.4418
461 428 0.3436
303 430 2.7980
394 433 0.0491
358 449 3.0925
390 451 3.0925
404 471 0.0491
