440 363 3.3108
479 364 6.2560
385 395 0.3655
505 397 5.7651
447 410 6.2560
509 412 5.6670
538 435 2.4272
438 444 6.0597
301 473 0.7582
428 484 6.0597
484 484 5.3724
485 499 2.3290
521 517 2.2308
393 520 0.2673
500 548 2.2308
415 557 5.5688
365 564 0.6600
384 567 0.2673
337 573 3.6053
386 579 6.1578
305 584 0.5619
372 594 0.0710
391 596 3.2126
427 597 4.7834
373 602 3.6053
299 609 0.4637
482 627 2.1327
270 629 0.1692
323 629 0.2673
452 633 2.5254
366 644 0.5619
381 655 0.4637
512 658 2.4272
478 659 2.4272
347 664 0.0710
266 665 6.2560
488 669 2.7217
308 672 6.1578
388 674 0.1692
340 684 6.1578
381 694 6.1578
321 696 5.9615
337 708 5.9615
415 709 6.1578
330 713 2.6235
356 718 2.8199
322 732 0.0710
384 734 3.0162
463 736 3.0162
425 746 3.0162
