447 29 5.8000
464 43 2.6584
343 57 3.6402
390 77 3.4438
437 104 5.7018
475 104 5.5055
515 126 5.4073
289 129 0.8913
503 137 2.2657
349 148 0.5968
323 160 4.0329
453 162 5.3091
431 166 5.4073
340 167 0.6949
493 196 5.1128
373 229 4.1310
430 234 4.7201
415 236 4.6219
438 241 4.8183
454 241 4.9164
352 258 0.9895
490 265 5.0146
425 300 4.3274
450 300 4.8183
439 310 4.6219
331 311 0.6949
402 311 4.0329
361 312 0.6949
293 328 0.6949
276 334 0.5968
321 335 0.4004
498 337 1.9712
340 340 0.2041
382 341 0.5968
280 344 0.4004
398 351 0.4004
449 355 1.9712
323 362 0.1059
465 364 2.2657
403 366 0.1059
458 378 2.7566
412 385 6.1927
338 401 6.1927
388 423 5.9964
354 444 6.1927
