446 160 5.8414
361 164 0.7363
402 170 0.3436
425 171 3.4852
448 175 3.0925
432 181 6.0377
380 184 0.4418
438 190 3.1907
411 195 0.2454
428 201 5.9396
416 210 6.0377
318 213 0.6381
458 232 2.6016
431 240 2.8962
306 251 0.6381
390 252 0.0491
488 252 2.6016
495 255 5.7432
416 256 5.9396
458 275 5.6450
306 277 0.5400
340 288 0.5400
293 292 3.8779
492 297 2.4053
338 300 3.6816
393 310 6.0377
308 311 0.5400
357 333 0.5400
423 335 5.4487
507 341 5.5469
388 345 5.7432
352 353 0.4418
384 365 5.5469
430 373 5.1542
331 376 0.7363
300 379 3.9761
405 387 2.1108
467 388 5.2524
414 392 4.8597
458 403 5.0560
367 411 4.1724
438 423 4.5651
452 440 4.8597
447 443 4.5651
378 444 4.1724
464 445 5.2524
460 465 4.7615
377 469 1.0308
326 473 0.7363
397 476 3.9761
365 497 0.7363
438 500 1.0308
412 511 0.8345
404 531 0.5400
