357 28 3.5091
392 36 6.1599
425 46 2.9201
364 50 0.1712
408 55 2.9201
412 62 6.0617
413 69 3.0183
306 83 0.8584
390 100 3.4110
356 116 0.5639
335 125 4.1964
488 125 5.5708
482 137 2.4292
412 179 3.3128
319 199 4.6872
481 199 5.3745
388 202 0.6621
268 205 1.4475
353 225 4.8836
421 225 5.1781
520 253 2.4292
418 275 5.2763
323 278 4.8836
390 291 5.2763
340 298 4.9818
429 305 2.1347
511 315 2.5274
343 326 4.8836
502 336 2.5274
510 338 5.7672
352 345 3.8037
366 349 2.5274
438 350 2.5274
522 351 2.6256
329 352 1.1529
384 363 2.5274
346 367 6.2580
471 380 2.5274
458 386 2.6256
418 392 2.5274
474 399 3.0183
384 401 2.8219
457 403 2.9201
373 420 3.0183
385 421 6.2580
