351 301 3.9367
379 313 3.7404
361 320 0.5988
325 342 0.9915
371 362 3.9367
417 364 3.6422
446 369 6.1947
375 401 0.7951
324 405 0.9915
389 420 4.0349
319 437 0.9915
498 441 2.4641
410 442 4.1331
381 451 4.3294
452 471 3.8386
468 479 3.1513
402 490 4.4276
429 491 1.0897
480 492 2.7586
367 494 1.1878
354 517 4.4276
390 531 4.6240
410 536 4.9185
461 544 5.2130
492 549 5.3112
388 565 5.0167
382 575 4.6240
481 576 2.1696
427 596 2.0714
395 601 2.3659
420 609 2.3659
327 610 0.7951
370 613 0.1079
403 616 2.7586
451 623 2.3659
339 626 0.5988
387 635 6.0966
406 636 2.9550
444 639 2.5623
433 657 2.7586
482 658 2.6605
437 687 3.0532
465 692 2.8568
350 730 0.2061
406 735 0.1079
467 737 0.1079
