367 87 6.2341
377 130 3.2889
337 139 0.4418
432 144 5.6450
334 147 3.8779
314 165 0.8345
400 166 2.8962
352 168 0.3436
430 187 5.3505
417 194 2.5035
392 198 3.1907
405 198 4.9578
414 200 5.2524
488 203 5.3505
371 234 1.5217
514 235 2.1108
417 243 4.5651
424 260 4.1724
454 261 4.9578
412 265 1.3254
437 269 4.3688
453 276 4.5651
399 277 0.8345
399 284 0.1473
465 288 4.8597
389 293 5.9396
398 314 6.0377
493 318 2.5035
455 320 0.9327
351 321 5.6450
437 325 0.6381
339 326 5.5469
425 327 2.9943
400 332 6.1359
505 336 2.8962
394 351 2.6016
506 351 3.1907
373 353 2.6016
406 359 6.1359
446 367 0.0491
422 368 2.8962
332 389 2.6016
385 392 2.7980
462 409 3.1907
374 414 2.8962
470 434 0.0491
415 439 3.1907
431 455 0.0491
412 529 3.0925
375 530 6.2341
