384 43 3.5878
441 52 5.9440
397 66 3.5878
376 76 0.6426
501 90 2.2134
452 93 5.4532
382 94 0.5444
477 100 5.3550
443 108 5.2568
316 134 3.7842
472 146 4.8641
463 153 4.7659
348 163 3.8824
433 176 1.6243
329 177 0.8389
449 188 4.4714
344 199 3.7842
457 202 4.6678
447 212 4.0787
324 213 0.7408
453 227 4.2751
350 230 0.6426
429 238 0.7408
394 243 0.6426
479 251 1.7225
433 255 0.3481
427 270 0.2499
447 273 3.1951
331 278 0.3481
382 294 0.3481
325 299 0.2499
436 300 3.1951
395 307 0.1517
362 322 0.0535
413 344 3.0970
354 362 3.0970
369 369 3.0970
