397 180 3.0402
371 206 0.0949
411 213 3.1383
465 220 2.7456
398 267 3.4329
295 281 3.8256
401 289 6.1818
507 309 5.3964
351 316 4.0219
382 316 4.0219
494 329 2.2548
376 341 4.2183
348 348 4.2183
358 354 0.9785
443 356 2.3529
391 376 1.0767
415 378 5.2000
394 383 4.6110
346 384 4.2183
342 403 4.5128
336 430 4.7091
392 447 2.0584
272 458 0.8803
295 458 0.7822
374 462 2.3529
304 470 0.2913
459 472 2.4511
397 496 2.5493
441 510 2.7456
377 511 2.6475
279 525 0.0949
415 526 2.9420
333 527 3.1383
369 527 2.9420
359 544 3.3347
339 551 0.1931
365 580 3.2365
392 581 5.9854
389 603 3.1383
