400 52 5.9964
360 53 3.1493
331 66 6.1927
410 87 2.9529
499 96 2.6584
306 104 3.4438
318 112 0.0077
339 113 3.2475
481 128 5.7018
460 141 5.7018
481 154 2.3639
428 157 2.5603
245 158 0.8913
256 161 4.0329
381 170 3.0511
258 171 0.8913
538 183 5.4073
275 184 4.1310
305 191 4.0329
363 199 3.3456
312 207 0.6949
422 208 2.5603
328 212 4.0329
364 219 3.6402
220 231 1.2840
300 235 4.5237
561 239 5.3091
527 241 5.2110
305 249 1.1858
537 273 2.1676
489 302 2.1676
488 310 5.4073
392 331 5.3091
534 335 2.2657
512 336 2.3639
429 350 5.5055
411 359 2.1676
421 360 5.5055
564 362 2.5603
393 367 5.5055
437 371 2.3639
459 371 2.4621
346 387 5.5055
551 391 2.7566
315 392 5.3091
422 412 2.5603
307 413 2.1676
538 413 2.8548
467 419 2.9529
274 426 5.5055
520 434 3.0511
352 442 2.4621
479 444 6.1927
386 446 2.5603
435 459 2.7566
332 461 2.4621
513 465 3.0511
469 470 3.1493
534 478 6.1927
562 479 3.1493
368 483 2.7566
496 485 3.1493
452 487 3.0511
550 493 3.1493
404 494 3.0511
465 498 3.2475
535 537 0.3022
