397 102 3.4852
316 103 0.9327
370 116 0.5400
424 119 2.9943
497 121 2.4053
351 139 4.0743
431 146 5.6450
433 158 2.6998
462 162 2.4053
380 172 4.1724
428 180 3.0925
328 215 4.1724
422 215 3.7797
466 221 2.3071
359 223 4.2706
405 230 1.1290
301 261 1.1290
465 270 5.4487
345 271 4.2706
359 272 4.5651
482 290 2.4053
317 315 0.8345
341 325 0.1473
398 325 2.3071
424 328 2.4053
306 329 0.6381
471 329 2.6016
513 334 2.7980
376 336 2.5035
492 352 2.8962
445 353 2.7980
307 356 0.4418
284 359 0.6381
386 361 2.7980
499 365 3.1907
451 368 2.9943
335 371 6.2341
461 382 3.1907
411 393 2.8962
373 411 5.9396
423 414 3.2889
333 417 6.1359
460 424 3.2889
348 438 5.9396
431 440 0.4418
365 444 2.7980
421 445 0.0491
455 459 0.2454
434 499 3.2889
