363 142 2.7980
460 183 2.4053
309 188 3.1907
361 194 2.7980
417 209 2.6998
321 214 3.1907
325 229 3.2889
495 230 2.5035
426 258 2.6998
408 270 2.8962
506 295 2.5035
465 309 5.6450
286 317 3.6816
436 325 5.8414
452 327 2.6998
347 332 3.3870
434 340 2.6016
405 356 2.8962
315 357 3.7797
282 365 0.7363
427 378 5.6450
507 386 2.1108
356 391 3.7797
406 394 2.6998
390 407 3.1907
291 419 4.1724
403 434 2.9943
395 445 4.0743
250 453 4.3688
445 460 5.2524
286 464 4.4670
462 464 2.1108
482 465 1.9144
377 469 4.8597
459 474 2.2089
435 482 2.0126
361 495 4.9578
319 497 4.8597
398 502 5.0560
512 504 2.2089
422 509 5.1542
519 534 2.5035
418 551 2.1108
348 552 5.1542
347 570 2.0126
423 578 2.3071
273 580 2.3071
416 584 2.3071
491 595 2.9943
298 598 2.4053
343 601 2.3071
380 612 2.3071
448 620 2.7980
353 624 2.5035
