475 228 5.3505
405 230 6.2341
453 246 2.6016
483 246 2.2089
381 252 0.1473
427 260 2.9943
311 264 0.7363
338 266 0.5400
527 293 2.3071
522 308 2.5035
471 310 5.6450
486 318 2.5035
378 324 0.2454
408 331 6.0377
465 332 2.6016
331 335 0.5400
305 348 3.6816
263 352 0.7363
280 360 0.5400
376 362 0.2454
440 364 2.6998
527 379 2.4053
385 387 0.0491
363 399 3.6816
311 404 0.6381
418 406 5.6450
368 417 0.3436
314 423 3.7797
327 425 0.5400
400 425 5.6450
366 440 0.2454
406 454 2.6016
428 457 5.0560
489 464 5.4487
387 469 3.2889
515 475 2.4053
434 487 4.7615
386 488 4.4670
447 493 5.0560
511 501 2.4053
447 515 4.5651
389 540 4.1724
312 541 1.1290
489 542 2.8962
491 557 3.3870
452 564 0.5400
389 568 1.0308
431 574 0.8345
374 580 0.9327
435 598 0.6381
404 604 0.8345
