440 34 2.7805
481 49 2.5842
344 59 3.6641
357 87 0.3262
344 106 4.0568
403 109 3.2714
493 121 2.2897
391 134 6.2167
283 140 1.0134
441 159 2.3878
409 160 3.2714
348 174 1.2097
424 183 2.6824
418 197 5.4313
284 215 4.5477
417 216 5.3331
410 219 4.9404
509 231 5.1367
496 233 2.0933
420 239 5.1367
281 262 4.4495
303 263 4.8422
451 269 2.0933
292 288 4.8422
521 288 2.3878
488 308 2.3878
288 311 1.7988
462 313 2.5842
347 319 2.1915
313 320 2.2897
405 332 2.5842
441 337 2.7805
477 342 2.9769
345 350 2.5842
372 360 2.5842
501 364 2.9769
440 368 3.1732
429 378 0.0316
318 387 2.7805
480 396 3.0751
390 405 2.9769
340 412 2.8787
447 424 3.0751
462 429 0.0316
446 442 3.3696
348 452 6.2167
408 467 3.2714
458 485 0.3262
408 492 0.2280
441 494 3.1732
