442 166 6.1010
462 166 6.1992
480 181 2.9594
489 201 5.9047
452 209 6.1992
341 211 0.4069
456 217 6.1010
496 217 2.8613
311 221 3.7448
487 226 2.9594
506 226 5.9047
417 229 0.0142
384 230 0.2105
438 235 3.0576
453 247 6.1992
386 255 0.3087
534 272 2.4686
325 282 3.7448
371 284 0.3087
269 285 0.7996
436 302 6.1010
374 303 3.4503
536 323 2.5667
434 326 3.1558
382 328 0.3087
505 329 5.8065
297 330 0.7014
401 338 0.0142
322 353 0.7014
472 355 5.7083
431 359 5.9047
404 368 6.1010
550 376 2.3704
532 385 5.5120
416 386 5.7083
503 403 5.3156
376 404 6.0029
402 404 5.3156
526 417 5.3156
492 418 5.1193
515 420 2.1740
254 431 4.7266
544 432 2.3704
434 436 4.6284
385 439 4.2357
442 439 4.7266
520 440 5.2175
370 446 3.5485
465 454 4.7266
535 456 2.1740
480 457 5.0211
366 461 3.6467
320 464 2.9594
414 466 4.1375
430 467 1.4868
482 479 4.8248
403 483 0.9959
460 485 4.1375
332 501 3.2540
479 501 4.1375
389 503 3.5485
505 512 2.1740
359 518 0.5051
466 520 0.8978
439 541 0.6032
313 543 6.1992
371 549 0.3087
472 551 3.3521
356 556 0.2105
398 562 0.3087
449 564 0.2105
332 565 6.0029
446 570 3.4503
407 577 0.2105
425 578 0.2105
368 589 6.1992
446 596 0.0142
389 605 6.1992
