364 212 0.7144
429 221 0.4199
413 223 3.6596
295 226 0.7144
437 228 3.5615
411 247 0.6162
494 278 0.0272
500 302 3.3651
455 303 3.6596
341 307 0.8126
521 308 6.2122
480 323 0.2235
437 339 0.6162
430 344 3.7578
406 348 0.6162
379 353 3.8560
289 362 3.8560
363 377 0.8126
384 387 3.9542
461 389 0.7144
336 390 3.9542
472 401 0.5181
345 413 4.1505
497 415 6.2122
456 420 3.8560
267 444 4.1505
503 457 4.9359
356 476 4.3469
268 487 4.4450
424 487 4.3469
342 506 1.3035
238 520 4.1505
252 521 4.4450
364 523 1.4016
322 530 4.6414
505 540 4.1505
453 541 1.3035
465 556 1.1071
400 567 1.5980
486 578 1.0089
462 583 1.1071
281 588 1.8925
268 599 2.1870
261 608 2.4816
447 609 0.8126
374 610 2.0889
305 613 2.0889
425 622 0.1254
380 625 2.4816
314 627 2.4816
364 635 2.5797
302 640 2.5797
271 643 2.7761
335 643 2.7761
386 645 2.6779
364 665 6.0158
340 667 2.8743
