373 61 0.4418
382 73 3.7797
335 89 0.8345
472 101 5.3505
405 122 6.1359
483 123 2.3071
421 135 3.0925
361 143 0.8345
335 159 3.9761
393 166 0.2454
498 177 2.2089
289 194 0.9327
399 201 5.6450
379 211 0.4418
387 215 5.7432
322 221 0.9327
339 252 4.0743
414 257 4.8597
409 272 4.4670
421 279 5.2524
502 297 2.4053
434 301 2.1108
364 303 4.0743
472 312 2.6016
433 317 3.1907
355 321 1.0308
401 323 0.9327
472 342 2.8962
399 346 0.5400
500 346 2.7980
300 347 0.6381
372 348 0.7363
337 351 0.8345
336 367 0.4418
478 367 3.0925
350 377 0.4418
371 377 0.3436
372 396 0.1473
446 398 3.3870
345 402 0.0491
306 403 0.2454
382 404 0.0491
472 404 0.0491
402 406 3.2889
387 416 3.1907
414 420 0.0491
375 431 0.0491
412 432 3.4852
426 436 3.2889
349 438 0.0491
394 445 0.3436
