499 439 6.0377
517 452 2.8962
434 455 3.7797
517 461 3.1907
437 484 0.5400
525 490 5.9396
549 500 2.6998
503 534 6.1359
547 541 5.4487
501 545 5.7432
419 579 1.0308
412 580 4.0743
558 581 5.0560
486 582 5.7432
478 605 4.2706
548 607 4.7615
391 608 4.0743
572 610 4.8597
443 624 4.3688
469 634 1.1290
541 634 4.4670
451 640 1.2272
567 646 4.7615
481 647 3.9761
535 663 4.1724
432 665 0.9327
400 678 0.9327
550 686 4.1724
506 688 3.9761
418 695 0.7363
512 696 0.9327
546 704 1.0308
421 710 0.4418
511 718 0.7363
392 720 0.5400
524 721 0.5400
431 728 0.3436
500 732 0.6381
466 735 0.5400
480 738 0.3436
441 742 0.1473
