454 85 2.7980
342 103 3.8779
448 115 2.7980
332 126 0.8345
350 152 0.6381
478 153 5.4487
425 164 3.0925
405 182 6.1359
365 192 0.6381
481 216 5.0560
300 223 0.9327
360 229 0.8345
365 244 0.6381
462 259 4.7615
282 264 3.9761
362 272 0.8345
381 274 4.0743
523 284 5.0560
486 293 4.9578
477 308 4.5651
499 342 4.7615
310 343 0.7363
451 346 4.1724
516 362 4.1724
298 374 0.3436
433 375 1.0308
332 387 0.2454
446 389 0.7363
466 390 0.7363
341 408 0.2454
307 411 0.0491
483 413 0.3436
402 415 0.4418
442 419 0.3436
422 421 0.3436
359 435 0.2454
471 437 0.2454
409 443 0.1473
306 453 3.1907
405 469 3.2889
404 497 0.2454
354 506 3.1907
