418 293 2.7980
392 312 6.1359
358 327 3.1907
465 337 2.6016
490 340 5.6450
384 343 6.0377
304 348 3.3870
338 368 0.1473
377 371 2.9943
491 380 2.4053
345 385 0.1473
395 388 2.8962
276 394 3.6816
305 394 3.6816
360 398 6.1359
455 401 2.5035
381 412 3.0925
527 414 5.7432
292 417 3.8779
501 421 5.6450
456 430 5.5469
424 431 2.5035
375 436 3.4852
335 438 3.8779
508 446 5.5469
432 447 5.3505
375 454 3.5834
370 460 4.0743
286 464 4.0743
311 470 4.2706
375 470 4.5651
337 472 4.4670
462 478 5.3505
408 488 2.6998
387 490 5.6450
298 491 4.2706
425 494 2.6016
359 495 5.0560
438 495 4.8597
262 496 4.2706
454 497 5.0560
321 498 4.7615
380 501 5.5469
502 502 5.2524
429 514 3.2889
465 515 4.9578
303 516 4.4670
325 518 4.8597
442 522 4.0743
471 532 4.7615
361 535 5.5469
276 539 1.2272
301 543 4.5651
502 543 4.8597
456 544 4.0743
514 547 4.9578
431 554 3.1907
486 554 4.2706
281 557 4.0743
390 557 2.6016
367 565 5.8414
286 570 3.9761
416 571 3.0925
420 577 0.3436
299 579 1.2272
360 580 2.5035
391 580 2.7980
339 587 2.6016
422 596 3.1907
431 599 0.3436
305 601 0.0491
420 613 3.2889
343 617 2.8962
468 636 0.4418
371 648 2.9943
491 658 0.4418
383 661 6.2341
447 666 0.1473
403 667 2.9943
417 685 3.0925
