359 35 0.8345
438 47 6.1359
374 56 3.5834
416 77 3.2889
341 83 0.7363
443 84 6.0377
375 101 0.5400
473 119 5.6450
492 122 2.6016
351 134 0.7363
411 158 6.2341
360 185 0.9327
409 202 5.7432
378 205 0.8345
384 225 4.0743
485 230 4.8597
401 236 4.7615
465 237 4.8597
392 255 4.3688
440 255 4.5651
344 260 4.3688
509 268 4.8597
418 270 4.4670
466 273 4.6633
304 275 4.1724
338 295 1.2272
411 295 1.3254
390 299 4.3688
360 302 1.1290
285 304 1.1290
475 305 4.4670
494 312 4.7615
444 314 1.3254
406 322 1.2272
418 325 4.1724
417 334 3.9761
396 337 3.9761
513 339 4.6633
337 340 0.9327
502 341 4.3688
404 342 0.8345
293 345 1.0308
308 351 0.8345
456 351 1.3254
483 361 1.1290
343 367 0.5400
477 380 0.8345
323 387 0.7363
410 390 0.8345
443 393 0.7363
349 394 0.4418
460 394 0.7363
432 397 0.7363
392 399 0.5400
469 411 0.3436
439 415 0.3436
377 421 0.4418
414 421 0.2454
435 422 3.2889
329 424 0.5400
394 425 0.1473
348 432 0.4418
