390 211 5.9396
376 229 2.9943
472 254 2.5035
374 258 2.9943
451 258 2.6016
312 272 0.5400
461 282 2.6016
366 289 3.2889
405 295 5.8414
310 297 0.6381
353 299 3.5834
459 309 2.6998
338 315 0.4418
479 321 5.8414
397 322 2.9943
351 326 3.6816
369 332 0.0491
465 334 2.6016
433 341 2.6016
346 344 0.4418
321 362 0.7363
416 368 2.7980
326 378 3.9761
384 391 3.4852
361 411 3.9761
408 414 2.9943
498 429 2.5035
410 434 3.2889
276 442 1.1290
415 446 5.6450
463 446 5.5469
360 452 4.5651
465 470 2.4053
486 475 2.3071
364 480 4.8597
350 487 4.4670
486 491 5.5469
359 504 5.1542
350 508 4.3688
380 534 2.4053
328 537 0.7363
367 537 2.7980
344 546 0.0491
404 555 2.5035
462 557 2.6016
434 573 2.5035
415 576 2.6016
393 590 2.7980
413 591 2.8962
