408 43 0.0491
431 45 2.9943
491 61 2.6998
461 63 6.0377
402 66 6.2341
535 75 2.5035
467 90 2.7980
400 105 6.0377
547 106 5.5469
440 121 2.7980
433 128 5.9396
325 135 3.4852
308 155 0.3436
424 155 2.7980
502 155 5.6450
382 157 6.2341
570 195 5.0560
424 200 5.5469
290 202 0.5400
326 208 0.2454
481 210 5.2524
354 222 0.0491
526 235 5.2524
479 253 5.0560
519 273 5.0560
332 281 4.2706
468 281 4.8597
486 287 1.9144
257 317 1.1290
334 324 4.2706
278 343 0.8345
529 356 4.6633
359 360 4.1724
542 363 4.7615
415 367 4.2706
559 367 4.9578
347 397 3.7797
430 416 4.0743
361 417 0.8345
292 420 0.4418
549 432 4.3688
308 439 3.3870
273 440 0.0491
253 458 2.6998
298 458 0.3436
495 464 1.0308
530 465 0.8345
418 470 0.7363
299 472 0.0491
347 474 0.2454
385 475 0.5400
345 486 6.2341
439 498 0.3436
479 499 0.4418
389 508 0.2454
295 509 2.9943
423 516 0.0491
