410 173 6.0377
377 179 0.2454
446 187 2.6998
419 188 2.9943
350 199 3.6816
385 202 0.0491
413 224 5.9396
336 228 0.6381
431 234 2.6998
497 236 2.3071
329 237 3.7797
344 246 0.4418
409 246 3.1907
523 253 2.3071
311 261 0.5400
482 261 2.5035
533 268 2.2089
362 279 0.3436
479 302 2.5035
499 315 5.3505
358 320 0.3436
509 333 2.3071
293 337 3.5834
333 341 3.4852
380 354 0.0491
272 357 0.7363
430 369 5.5469
521 373 5.3505
285 377 0.7363
364 379 0.0491
377 389 5.9396
302 394 3.9761
519 394 2.3071
351 402 3.5834
435 404 5.0560
293 408 0.9327
486 414 5.2524
364 415 3.7797
406 415 4.7615
453 417 4.8597
500 427 2.1108
344 431 0.7363
391 435 4.3688
341 440 3.9761
367 440 3.9761
471 441 4.9578
289 442 1.0308
462 449 4.7615
416 455 1.4235
430 466 4.1724
451 467 4.3688
393 473 3.9761
459 485 4.3688
399 500 3.9761
459 501 4.2706
380 504 0.9327
330 516 0.8345
419 524 1.1290
397 540 0.8345
