431 65 2.6998
377 70 2.8962
385 84 2.8962
313 112 3.3870
465 112 2.6998
340 122 3.2889
456 122 2.7980
356 127 3.3870
302 129 3.6816
391 137 3.1907
286 139 0.5400
310 143 0.4418
346 143 0.2454
458 143 2.8962
335 147 3.4852
476 155 5.8414
477 166 2.6998
442 168 5.9396
398 169 3.0925
297 170 3.6816
456 179 2.6998
436 184 5.9396
265 194 0.6381
381 201 3.3870
448 224 2.7980
428 251 3.0925
274 256 3.9761
285 259 0.9327
395 270 3.7797
520 287 5.5469
345 288 4.0743
455 289 2.6998
488 291 5.3505
425 293 3.5834
317 295 0.8345
392 298 4.1724
364 299 4.1724
516 306 5.1542
294 323 4.1724
485 332 4.6633
360 333 4.5651
342 336 4.4670
504 338 4.7615
415 339 5.1542
308 340 4.2706
532 351 4.9578
466 354 1.4235
365 359 4.8597
495 374 4.0743
359 384 5.0560
337 385 4.3688
343 385 4.5651
284 389 1.1290
411 398 2.2089
357 402 5.1542
471 402 3.1907
417 403 5.8414
348 410 4.7615
323 413 1.1290
492 429 3.4852
383 440 2.5035
415 447 2.6998
367 453 2.6016
324 456 0.7363
330 459 0.0491
459 494 3.1907
412 501 2.9943
310 502 0.0491
419 507 0.0491
412 518 3.0925
478 519 3.3870
