418 264 2.9943
360 267 0.3436
406 298 6.0377
412 318 5.7432
348 331 3.8779
438 343 2.5035
334 349 0.8345
432 355 5.3505
501 365 2.0126
398 388 5.2524
354 392 0.8345
377 393 6.1359
504 400 5.0560
367 411 6.1359
326 416 1.0308
475 418 2.0126
500 425 1.9144
343 435 4.0743
395 437 4.5651
406 442 4.8597
412 454 5.0560
397 465 4.7615
368 467 4.0743
394 469 4.3688
295 483 0.8345
405 490 5.1542
399 493 4.2706
463 495 2.1108
425 508 2.4053
451 513 2.3071
381 517 0.7363
363 520 0.7363
396 521 0.1473
440 530 2.5035
350 531 0.4418
383 541 0.0491
303 543 0.3436
402 545 2.9943
455 547 2.6998
353 550 0.1473
376 567 3.2889
448 567 6.1359
444 572 2.9943
354 575 0.0491
331 577 0.0491
464 580 2.9943
331 613 6.2341
357 614 3.0925
390 652 2.9943
