443 122 5.7432
398 141 3.3870
355 144 0.4418
384 164 3.4852
360 173 0.5400
391 176 0.0491
452 191 5.4487
410 198 5.8414
407 209 3.0925
440 211 2.4053
374 226 0.2454
424 227 5.2524
297 228 0.9327
403 235 5.6450
486 237 2.0126
424 246 2.4053
374 260 0.1473
305 267 0.9327
415 270 4.9578
500 271 5.1542
460 291 4.8597
380 307 4.2706
314 315 4.1724
376 323 4.3688
479 324 4.8597
407 329 4.5651
293 336 1.0308
436 339 4.6633
334 344 1.0308
452 346 4.7615
386 356 4.2706
494 366 1.8162
283 406 0.8345
456 410 4.6633
315 430 0.4418
275 434 0.6381
351 436 0.5400
412 444 0.7363
393 446 0.7363
371 450 0.4418
470 451 2.1108
326 455 0.2454
400 459 0.1473
426 459 0.2454
466 464 2.7980
370 467 0.0491
355 476 3.1907
396 477 0.0491
449 485 5.8414
323 492 0.1473
370 493 6.2341
463 505 2.6998
358 513 3.1907
