397 34 3.0925
401 66 3.1907
330 72 3.4852
344 80 0.2454
301 84 0.4418
376 118 3.4852
459 127 2.8962
325 155 0.5400
487 159 2.8962
360 161 0.3436
403 174 0.1473
410 189 3.2889
519 192 2.6998
463 193 5.9396
343 198 3.6816
300 213 3.8779
480 216 2.7980
270 219 0.7363
396 219 3.5834
314 222 0.6381
425 259 3.5834
247 263 4.0743
258 286 1.0308
380 288 4.1724
487 294 2.4053
268 304 4.2706
567 312 2.0126
409 323 1.1290
433 323 0.5400
532 323 2.1108
326 329 4.5651
377 336 4.4670
357 342 1.3254
563 350 1.8162
263 358 4.5651
244 376 4.6633
261 397 1.6199
555 405 1.6199
533 413 2.3071
559 438 1.0308
366 457 5.3505
531 460 3.1907
429 476 5.7432
382 483 2.2089
374 486 5.5469
316 492 5.4487
529 496 0.4418
384 501 2.4053
483 501 2.7980
494 505 3.1907
452 506 2.7980
351 511 5.6450
