427 77 2.6998
411 92 2.9943
375 104 0.1473
346 110 0.5400
392 130 3.3870
433 135 2.6998
497 145 2.6016
336 152 0.5400
484 163 5.7432
324 164 3.6816
458 186 2.6016
433 198 2.6998
323 201 3.7797
331 222 0.7363
433 237 5.4487
477 247 5.3505
337 251 3.9761
294 256 3.9761
377 262 0.6381
466 269 5.2524
393 271 6.1359
466 294 5.0560
286 296 1.2272
355 303 4.2706
495 320 5.0560
475 321 4.7615
489 335 4.6633
365 336 1.0308
290 337 0.8345
424 337 4.1724
350 341 1.0308
335 346 0.9327
458 363 4.0743
388 366 3.6816
348 371 0.4418
311 375 0.5400
421 389 0.8345
341 393 0.2454
470 398 0.7363
373 408 0.4418
436 412 0.7363
379 416 3.3870
392 416 0.4418
361 424 0.3436
379 430 0.2454
457 434 0.5400
435 438 0.5400
400 443 3.4852
408 452 0.3436
421 452 3.3870
373 458 3.3870
392 462 0.3436
423 469 0.4418
