403 54 2.8962
360 101 6.2341
301 111 1.0308
412 113 5.4487
403 121 2.6016
299 136 4.4670
327 152 1.2272
430 172 5.0560
378 175 4.9578
364 178 1.1290
461 188 5.1542
430 213 4.8597
347 216 5.0560
395 216 1.9144
515 222 5.2524
401 228 1.6199
317 231 5.0560
307 237 5.0560
390 241 2.2089
416 244 3.9761
428 244 4.3688
503 244 5.1542
376 246 2.2089
386 248 6.1359
492 255 5.0560
491 258 4.6633
463 261 4.4670
289 262 4.9578
331 262 2.0126
306 264 5.0560
433 266 4.0743
414 280 0.9327
357 292 5.5469
304 296 1.9144
489 298 1.3254
418 304 3.4852
430 310 3.7797
435 315 0.9327
501 321 0.8345
323 324 2.3071
395 326 0.1473
346 334 2.4053
379 357 2.7980
386 364 2.9943
454 366 0.4418
499 383 3.3870
348 399 2.8962
432 402 0.2454
508 411 0.2454
465 423 3.3870
433 445 0.2454
428 462 3.3870
493 469 3.3870
431 480 0.3436
388 483 3.1907
451 495 3.3870
370 502 6.2341
490 506 3.3870
400 508 0.0491
447 512 0.4418
