358 48 3.8495
383 94 4.0459
324 107 4.2422
377 108 0.9043
420 110 0.5116
289 112 4.2422
313 120 4.2422
399 159 0.9043
416 161 0.8061
264 164 1.2970
506 166 5.8130
292 170 4.5367
369 178 1.2970
439 182 0.5116
410 187 0.8061
276 188 4.5367
314 193 4.8313
355 193 5.7148
435 202 0.6097
440 202 0.1189
431 210 3.5550
482 210 5.8130
417 222 3.6532
285 223 1.4933
355 224 2.2787
338 230 5.6167
318 234 5.2240
480 234 5.5185
419 251 0.5116
480 251 5.3221
348 253 2.3769
525 258 2.4751
456 260 5.1258
295 268 5.4203
507 268 2.4751
475 275 4.6349
287 276 5.4203
509 284 3.3586
396 286 3.4568
528 290 3.2605
323 298 2.6714
472 300 0.8061
451 313 0.9043
343 317 2.9659
287 322 5.9112
373 336 3.0641
309 342 3.0641
448 355 0.4134
419 358 0.4134
312 360 3.1623
426 368 0.2170
391 384 6.2057
441 385 0.0207
522 392 0.2170
399 397 2.9659
350 402 0.0207
369 445 6.2057
404 487 6.2057
485 510 6.2057
