379 94 2.9420
448 97 2.8438
471 159 2.6475
330 179 3.3347
266 198 0.4876
278 215 3.7274
519 220 5.6909
462 224 2.6475
306 226 3.5310
291 259 3.8256
373 262 3.2365
239 264 1.0767
416 269 2.6475
399 275 3.1383
535 277 5.5927
401 288 3.2365
514 290 5.3964
234 301 1.3712
262 302 4.3164
368 309 4.1201
379 311 4.2183
408 317 3.4329
496 319 5.1018
531 327 5.2000
478 330 4.8073
335 335 4.8073
316 339 4.7091
374 341 1.4694
428 350 2.5493
294 352 4.9055
512 362 4.7091
443 364 3.1383
283 367 4.9055
264 370 4.7091
408 371 6.0836
530 372 4.7091
317 377 1.8621
407 382 5.9854
340 389 5.3964
470 393 3.4329
277 395 5.2000
451 401 3.1383
360 411 2.3529
400 414 2.6475
480 419 3.4329
265 421 5.5927
525 421 0.9785
429 422 0.0949
305 423 2.3529
327 424 2.3529
287 427 2.4511
416 439 3.1383
338 455 2.7456
470 462 3.2365
403 473 0.0949
377 477 2.9420
435 483 3.2365
383 484 3.1383
335 491 3.0402
