403 119 2.9943
323 143 0.0491
409 155 3.0925
288 157 3.4852
338 165 3.3870
488 181 2.6998
394 220 3.2889
499 222 5.7432
291 226 3.7797
507 239 2.6016
307 265 3.9761
500 283 5.5469
346 288 3.8779
471 298 2.6998
453 314 2.8962
404 319 3.4852
245 377 4.2706
312 385 4.3688
354 428 4.7615
263 433 4.6633
227 459 4.7615
359 465 1.7181
334 469 4.9578
505 472 1.7181
304 495 1.8162
452 496 2.0126
513 497 1.4235
511 519 1.2272
251 523 2.2089
466 526 2.3071
290 531 2.1108
523 532 0.7363
236 534 5.4487
275 537 2.3071
489 540 0.3436
528 541 0.5400
504 544 3.2889
370 551 2.4053
323 552 2.4053
295 558 2.6016
512 560 0.3436
455 563 2.8962
376 564 2.6016
413 573 2.6998
349 579 2.6998
402 581 2.7980
298 590 2.6998
481 592 3.1907
341 602 2.7980
