411 40 2.9834
392 41 0.0381
420 49 5.8304
355 52 3.6706
384 80 3.4743
463 99 5.4377
350 100 0.6272
313 108 4.2596
329 144 4.5542
298 152 4.4560
448 161 5.3396
495 168 5.4377
301 177 4.5542
486 181 2.1980
320 182 4.9469
356 193 5.1432
380 193 2.0016
474 206 2.2962
457 207 5.4377
358 211 2.0016
352 216 5.3396
463 221 2.2962
321 228 5.0450
353 239 2.1980
316 240 4.6523
498 247 2.6889
433 252 2.4925
393 263 2.4925
467 264 2.6889
316 277 0.3327
356 281 2.7870
386 300 2.7870
434 300 2.7870
402 337 2.9834
466 339 2.9834
370 347 6.1250
437 368 3.1797
477 376 2.9834
457 380 3.1797
460 438 2.9834
445 453 6.2231
430 477 6.0268
409 488 6.0268
397 510 6.0268
