426 227 2.8962
455 240 5.6450
452 245 2.6016
433 263 5.5469
411 272 5.9396
376 281 3.6816
356 288 0.5400
338 307 4.1724
349 313 0.9327
313 327 1.0308
376 332 0.4418
448 335 4.8597
414 346 4.6633
484 359 4.9578
493 361 1.9144
435 369 4.5651
362 399 4.1724
451 411 4.4670
341 416 4.0743
479 426 4.7615
346 429 1.1290
453 435 4.3688
388 436 4.0743
472 444 4.5651
317 449 3.9761
315 458 0.9327
392 464 3.9761
396 468 1.0308
354 479 1.0308
375 480 0.8345
419 487 0.8345
463 498 0.6381
432 501 0.7363
448 502 0.6381
369 509 0.8345
400 510 0.7363
416 517 0.4418
349 518 0.6381
382 525 0.5400
