357 72 0.5684
436 77 0.3720
392 78 0.4702
475 79 0.3720
515 82 0.1757
353 92 0.4702
450 95 3.3173
468 97 0.0775
425 99 0.1757
358 108 0.3720
409 132 0.2738
461 136 6.1643
512 138 5.7716
431 139 6.2625
339 153 0.3720
287 154 0.4702
413 154 6.2625
453 164 2.9246
398 191 6.2625
292 192 3.6118
430 202 5.9680
450 206 2.8264
424 220 2.8264
291 221 0.6665
440 229 5.8698
423 236 5.7716
363 245 0.2738
415 248 5.7716
361 264 0.0775
394 265 5.7716
537 265 5.5753
478 267 2.3355
284 272 3.9063
436 284 5.3789
395 294 5.2807
414 300 4.9862
324 301 0.8629
360 305 5.9680
540 306 5.4771
416 316 2.0410
432 317 5.1826
410 320 4.7899
525 326 5.4771
284 330 0.9611
429 335 4.8880
346 337 3.9063
294 344 0.8629
370 349 4.0045
451 350 5.0844
542 350 2.3355
255 362 0.7647
461 365 5.1826
322 367 0.7647
270 368 0.5684
483 370 5.2807
372 371 4.0045
449 374 4.5935
458 387 4.8880
481 388 2.0410
539 388 2.5319
502 394 2.2373
410 396 4.0045
277 400 0.3720
457 417 0.2738
474 417 2.9246
487 419 2.5319
328 421 0.5684
375 424 0.8629
496 437 2.8264
287 440 0.0775
472 440 3.4154
442 441 0.4702
291 447 3.1209
415 451 0.7647
273 453 0.0775
387 455 0.6665
282 466 6.1643
517 468 3.2191
339 471 0.3720
401 478 0.4702
338 491 0.1757
288 493 2.9246
373 501 0.2738
342 507 6.2625
406 507 0.1757
394 516 6.2625
434 516 0.0775
473 520 0.0775
