187 44 3.4852
218 63 0.2454
169 73 0.4418
158 74 3.6816
137 81 0.5400
106 93 3.9761
91 108 0.8345
200 113 0.5400
119 118 4.1724
214 124 0.4418
68 133 4.0743
200 135 3.9761
246 136 6.1359
86 148 4.2706
343 158 5.1542
335 189 4.8597
186 195 4.5651
116 198 4.4670
226 222 4.7615
234 222 1.5217
108 230 1.5217
237 232 1.3254
134 239 1.6199
18 241 4.4670
271 243 4.1724
223 244 1.6199
91 253 4.8597
234 259 1.2272
177 270 1.8162
256 284 1.0308
236 286 1.2272
201 298 1.6199
213 312 1.2272
224 316 1.0308
158 323 2.1108
206 330 0.0491
59 331 2.3071
167 336 2.5035
347 337 1.0308
90 345 2.4053
42 351 2.6016
151 354 2.6998
39 359 2.7980
95 361 2.6016
173 362 2.7980
240 365 0.4418
249 373 0.3436
89 375 2.7980
121 376 2.8962
292 376 0.5400
316 376 0.5400
150 389 6.2341
55 391 3.0925
311 394 0.1473
134 396 2.9943
115 408 0.0491
170 415 2.8962
284 419 0.0491
175 435 2.9943
136 468 6.2341
239 492 5.9396
148 497 3.0925
