203 43 2.4053
99 71 3.5834
74 86 0.6381
128 88 2.9943
201 90 2.4053
54 112 4.1724
168 130 2.4053
85 145 4.2706
134 147 3.1907
134 176 3.7797
175 189 2.3071
38 193 4.2706
68 199 4.3688
115 199 1.1290
14 242 1.1290
72 248 4.6633
57 251 4.3688
34 297 0.8345
114 298 2.3071
139 300 2.4053
183 302 2.5035
58 305 0.2454
25 310 0.7363
225 310 2.6998
95 313 2.6016
243 324 2.9943
204 327 2.7980
162 329 2.6998
26 337 0.4418
105 340 2.7980
168 345 2.8962
213 349 3.0925
55 353 0.0491
177 367 3.1907
130 372 2.8962
97 391 5.8414
64 402 6.1359
164 403 3.5834
117 409 2.8962
59 420 2.8962
