125 14 6.2341
192 29 5.8414
52 68 0.6381
62 100 3.9761
211 101 2.4053
101 106 0.1473
216 118 5.3505
40 119 0.8345
240 124 5.4487
107 126 3.6816
120 130 6.1359
160 146 2.6016
132 147 3.1907
8 149 1.2272
185 157 5.2524
114 163 3.9761
23 164 4.4670
263 180 2.1108
117 185 4.2706
131 192 4.2706
73 201 4.7615
49 207 4.6633
133 207 4.9578
127 218 4.9578
77 225 1.6199
83 228 4.7615
170 236 2.0126
178 253 2.0126
228 258 5.1542
59 262 4.8597
184 273 2.4053
237 281 2.2089
212 283 2.1108
138 287 5.4487
219 302 2.4053
38 303 4.6633
198 312 2.4053
49 316 4.8597
59 335 5.2524
271 336 2.6998
225 340 2.6998
49 343 4.3688
209 344 2.8962
153 348 2.4053
90 352 2.3071
186 356 2.7980
114 364 2.5035
84 366 2.6016
134 371 2.4053
223 378 2.8962
253 378 2.8962
171 384 2.9943
106 388 2.8962
146 390 2.8962
216 416 3.0925
122 430 3.1907
222 430 3.2889
142 432 3.3870
121 446 0.2454
