125 48 3.3870
101 49 0.3436
62 61 0.7363
118 67 0.1473
197 71 5.7432
94 77 3.7797
211 83 2.6016
37 89 4.1724
194 94 5.7432
68 110 0.8345
8 117 1.2272
171 123 5.6450
125 133 3.7797
82 143 4.2706
4 144 1.2272
154 149 2.9943
4 166 1.3254
201 168 5.3505
220 168 5.3505
98 178 4.5651
182 179 5.0560
29 191 4.5651
31 204 1.4235
200 204 4.9578
129 205 5.2524
242 218 5.0560
213 219 4.9578
93 221 5.0560
185 222 4.1724
45 231 4.5651
68 231 4.8597
195 232 4.4670
58 236 4.8597
132 239 5.4487
197 245 4.3688
162 248 6.1359
91 252 5.0560
213 256 4.3688
221 257 4.6633
83 275 1.8162
70 280 5.0560
175 294 0.0491
115 295 5.5469
144 298 5.8414
190 321 2.9943
165 326 6.2341
161 329 2.8962
135 332 2.6998
113 347 2.7980
153 356 2.8962
144 365 3.0925
