105 66 2.9943
136 66 2.4053
122 78 5.2524
162 80 5.1542
173 82 2.1108
178 95 5.0560
119 96 2.4053
50 100 4.3688
72 102 4.3688
203 102 5.2524
35 111 4.3688
217 121 2.1108
118 131 2.0126
147 131 4.7615
82 141 5.1542
137 157 4.5651
154 164 4.7615
177 166 4.8597
73 167 5.3505
46 177 5.1542
124 180 3.0925
61 187 5.2524
142 196 4.2706
125 197 3.1907
156 198 4.3688
117 219 2.9943
208 227 4.6633
167 228 4.1724
218 228 4.8597
76 237 2.6998
132 238 3.4852
189 240 4.3688
112 241 3.0925
39 244 3.3870
65 255 3.0925
214 256 4.7615
98 261 3.0925
184 263 4.1724
131 276 3.5834
101 280 3.3870
176 282 0.9327
80 291 0.2454
131 298 0.5400
168 300 0.6381
191 308 0.4418
168 322 0.3436
114 328 0.3436
153 340 3.5834
