134 29 0.4418
72 46 0.8345
196 60 3.2889
219 62 5.9396
123 69 0.5400
104 76 3.9761
161 85 0.3436
72 94 0.8345
85 113 0.8345
256 115 2.5035
265 147 2.2089
166 157 0.4418
130 163 0.8345
13 187 1.3254
244 189 2.1108
180 228 6.0377
126 230 0.9327
210 230 2.5035
162 232 0.5400
200 258 2.6016
160 277 0.2454
180 290 2.8962
205 292 5.1542
21 293 1.0308
221 320 2.1108
176 321 3.3870
264 323 2.1108
84 324 0.8345
48 327 0.8345
256 339 2.3071
137 343 0.6381
214 345 2.4053
204 351 2.5035
141 353 0.4418
75 358 0.6381
246 363 2.4053
34 368 0.5400
163 374 0.0491
196 375 2.9943
224 376 2.6016
86 383 0.5400
46 389 0.4418
233 398 2.6998
70 408 0.4418
92 433 0.3436
128 435 0.1473
