203 39 0.4418
147 41 0.6381
159 51 3.5834
264 55 0.2454
225 56 3.5834
68 95 0.6381
185 106 0.5400
249 116 0.1473
111 118 3.7797
116 147 0.8345
252 157 6.2341
63 170 0.8345
312 188 5.7432
254 203 6.1359
310 204 2.6016
354 213 2.5035
227 250 0.3436
336 254 2.4053
206 306 0.8345
225 309 0.5400
18 314 0.4418
255 315 5.3505
232 321 6.2341
75 327 0.6381
275 337 4.9578
101 340 0.6381
336 348 2.5035
225 354 3.7797
154 360 0.7363
41 363 0.2454
15 379 0.1473
344 379 2.7980
181 385 0.5400
93 388 0.2454
222 390 0.6381
135 394 0.2454
351 396 2.8962
241 404 0.6381
122 416 0.1473
43 421 0.0491
205 423 0.3436
253 423 0.5400
129 429 6.2341
171 434 0.0491
23 435 6.2341
207 439 0.0491
246 441 0.1473
283 447 0.0491
181 461 6.1359
81 464 3.0925
108 468 6.2341
160 471 6.1359
222 472 2.8962
