139 24 5.9396
153 40 2.8962
254 42 2.6016
115 45 6.0377
179 78 5.9396
205 83 2.7980
129 90 3.0925
103 105 0.0491
145 106 3.0925
121 119 3.1907
80 125 0.3436
294 142 2.6016
131 144 6.1359
210 148 2.6998
240 164 5.7432
91 168 3.4852
204 177 2.7980
349 219 2.5035
164 222 2.8962
105 226 0.3436
228 232 2.6998
166 246 3.0925
278 246 2.6016
211 247 5.7432
256 247 5.6450
122 250 3.5834
86 258 3.8779
66 277 0.8345
167 283 3.1907
246 289 2.5035
282 296 2.5035
189 305 2.6998
104 309 4.1724
120 312 4.6633
179 314 3.3870
339 320 2.6016
106 324 4.4670
227 364 2.7980
344 366 2.7980
283 372 2.7980
152 374 2.4053
181 377 2.6016
336 377 2.9943
82 380 0.8345
266 386 2.9943
235 391 2.9943
143 392 2.6016
342 398 3.1907
72 404 0.5400
41 405 0.8345
221 413 3.0925
179 414 2.8962
55 425 0.5400
156 427 3.0925
190 431 3.1907
115 435 3.1907
237 436 3.2889
273 443 3.1907
75 445 0.2454
239 459 0.2454
108 464 3.3870
95 484 3.1907
276 487 3.2889
169 491 3.4852
71 492 0.2454
322 502 3.2889
130 505 3.5834
298 508 0.1473
296 516 3.1907
