148 38 6.0377
146 49 5.7432
192 53 5.3505
56 88 0.9327
199 92 4.9578
193 118 4.6633
208 123 4.7615
85 129 4.3688
112 142 1.1290
181 145 4.4670
94 146 1.2272
127 159 3.9761
207 160 4.7615
74 173 0.9327
173 176 4.2706
40 188 0.9327
148 197 3.9761
62 203 0.8345
155 205 0.9327
65 218 0.4418
154 228 0.8345
163 230 0.5400
126 234 0.6381
73 236 0.3436
209 238 2.8962
113 248 0.3436
71 268 0.0491
167 295 6.2341
109 297 0.0491
127 297 0.0491
57 307 0.1473
130 310 3.0925
125 325 6.1359
158 338 2.9943
70 341 0.0491
93 345 3.1907
96 361 0.0491
