102 45 6.0377
108 66 5.7432
134 91 2.4053
132 105 5.3505
195 118 2.0126
236 132 1.8162
94 137 5.3505
46 141 0.6381
73 142 6.1359
199 158 4.9578
62 160 6.1359
227 164 2.0126
172 169 1.9144
193 178 1.9144
33 185 4.1724
92 186 4.6633
104 191 4.8597
111 204 5.0560
67 221 4.0743
96 222 4.5651
104 239 5.3505
99 242 4.2706
160 246 2.1108
126 257 2.4053
114 263 2.9943
149 264 2.2089
80 267 0.7363
62 271 0.8345
95 271 0.0491
207 275 2.5035
139 281 2.4053
48 283 0.4418
82 292 0.0491
217 295 2.9943
102 296 3.0925
51 302 0.1473
153 302 2.5035
191 304 2.6998
148 316 5.8414
183 320 2.8962
75 322 3.1907
142 328 2.8962
54 330 0.1473
163 333 2.8962
198 350 3.0925
129 373 3.2889
65 374 3.0925
168 376 3.3870
