160 54 5.9396
178 72 2.7980
53 79 3.9761
104 81 3.6816
133 85 6.1359
61 121 0.8345
78 137 4.0743
186 156 2.4053
99 159 4.2706
73 175 4.2706
142 185 3.9761
158 195 3.0925
116 206 1.1290
97 210 4.4670
54 211 1.2272
237 229 2.1108
51 239 4.3688
81 249 4.7615
102 254 4.9578
153 261 5.2524
185 268 5.3505
81 283 4.9578
175 297 2.1108
125 312 2.1108
114 328 2.3071
230 328 2.6016
63 334 0.2454
98 334 2.7980
146 341 2.4053
194 357 2.6016
143 359 2.6016
128 374 2.7980
177 375 2.6998
136 404 3.0925
165 404 2.9943
169 430 6.2341
