134 22 6.2341
137 41 3.0925
59 62 3.6816
133 75 6.1359
199 79 5.6450
77 87 3.5834
13 89 0.9327
175 94 2.6998
58 96 0.5400
36 123 4.0743
242 123 2.4053
17 126 0.8345
135 131 5.9396
117 136 3.4852
167 139 2.6016
7 140 1.2272
233 144 5.4487
59 162 4.2706
4 167 1.3254
32 168 1.0308
126 172 3.6816
66 181 4.4670
99 189 1.1290
66 210 4.6633
129 233 1.3254
44 234 4.4670
215 238 5.5469
259 245 2.6016
222 257 2.4053
88 286 2.4053
248 288 2.8962
123 295 2.5035
85 306 2.8962
194 306 2.7980
149 312 2.6016
117 326 2.7980
213 327 2.8962
151 346 2.8962
63 361 6.2341
211 361 3.0925
97 362 3.0925
123 375 3.1907
85 389 0.0491
155 395 6.2341
156 410 3.0925
204 428 3.0925
