138 55 0.3436
182 57 2.9943
219 65 5.4487
252 69 2.2089
240 84 2.3071
278 117 1.8162
128 119 0.5400
277 139 1.8162
162 144 5.3505
84 146 3.9761
201 159 4.8597
188 162 4.7615
263 163 1.9144
161 165 2.9943
244 167 4.8597
79 177 0.9327
174 179 4.7615
171 226 4.3688
185 256 4.4670
193 273 4.7615
68 276 0.5400
173 277 4.1724
46 285 0.4418
78 289 0.4418
163 299 0.9327
180 300 1.3254
143 301 0.6381
210 304 1.9144
54 315 0.1473
108 318 0.3436
202 326 2.8962
98 332 0.0491
124 340 0.2454
70 357 0.0491
137 357 0.0491
102 366 3.0925
150 374 6.2341
127 380 2.9943
28 384 6.1359
57 388 6.2341
55 410 3.0925
