114 30 3.4852
151 58 5.6450
84 64 0.6381
141 77 2.8962
196 80 2.2089
100 88 0.3436
123 95 5.7432
90 116 0.4418
101 137 5.7432
135 142 5.0560
127 157 4.7615
68 159 1.1290
157 161 5.1542
73 164 4.2706
102 168 4.2706
142 184 4.9578
124 191 4.3688
136 200 4.8597
211 206 2.1108
133 211 4.4670
146 214 5.2524
219 228 2.3071
168 232 2.3071
196 233 2.3071
172 249 2.6998
52 251 1.0308
32 257 0.9327
115 259 0.8345
201 260 2.6016
160 263 3.2889
80 272 0.8345
132 272 0.4418
154 285 0.0491
181 287 2.9943
82 296 0.6381
97 312 0.4418
75 327 0.3436
44 328 0.3436
179 347 3.3870
135 348 3.3870
