251 26 6.0377
188 37 3.4852
176 48 0.3436
254 52 5.8414
252 103 5.7432
179 115 0.1473
123 119 3.6816
147 129 0.3436
232 130 5.6450
177 133 0.0491
93 140 0.6381
77 144 0.8345
185 151 5.9396
145 157 0.1473
193 168 5.6450
121 172 0.3436
96 174 0.6381
143 186 5.9396
105 192 0.4418
136 192 5.7432
177 193 5.3505
247 200 5.2524
113 209 5.9396
88 214 0.5400
322 223 5.1542
103 225 5.7432
146 231 4.8597
30 232 4.4670
269 232 5.0560
159 234 4.8597
120 238 4.8597
110 240 4.5651
63 250 1.0308
48 256 1.2272
158 258 1.7181
178 258 4.8597
273 259 1.9144
98 262 4.1724
35 263 1.4235
148 264 4.6633
25 275 1.2272
46 282 0.9327
270 287 5.0560
23 293 1.1290
67 293 3.9761
96 294 4.2706
301 298 4.9578
257 303 4.7615
288 309 1.9144
102 310 4.2706
24 313 0.8345
134 317 4.4670
45 321 0.7363
198 328 4.3688
19 330 0.5400
296 342 4.7615
94 345 4.0743
55 352 3.5834
305 354 4.9578
276 361 4.4670
80 366 1.0308
62 390 3.6816
28 392 0.6381
311 398 4.4670
41 402 0.5400
71 404 0.8345
103 408 0.7363
111 410 3.8779
206 423 1.0308
54 424 0.3436
258 424 1.0308
110 429 0.8345
221 435 0.7363
269 442 0.7363
79 444 0.4418
52 453 0.1473
169 453 0.8345
137 454 0.5400
272 457 0.4418
176 468 0.4418
207 468 0.4418
60 471 6.2341
238 472 0.1473
97 473 0.2454
148 476 0.2454
213 480 0.0491
82 484 3.0925
121 495 0.0491
197 496 6.1359
169 500 0.0491
71 507 0.0491
