137 74 3.3870
159 104 3.1907
138 105 0.0491
172 107 5.9396
137 124 6.2341
173 124 2.8962
153 134 5.9396
179 134 5.7432
116 138 3.5834
78 145 3.7797
40 159 3.9761
110 161 0.4418
133 170 5.9396
251 179 5.4487
159 182 5.2524
198 184 5.3505
83 186 0.6381
177 197 5.1542
41 201 0.9327
83 202 0.7363
95 203 0.4418
119 207 5.0560
138 210 4.8597
41 226 0.8345
7 228 1.1290
207 228 5.1542
270 235 2.1108
87 241 3.9761
285 243 1.8162
188 244 4.9578
181 258 4.6633
243 261 5.2524
169 265 4.3688
81 267 0.8345
119 268 4.0743
243 273 5.2524
24 278 0.8345
205 286 4.6633
216 289 4.8597
113 292 3.9761
122 296 1.1290
154 297 4.1724
159 300 1.1290
267 308 2.0126
120 310 3.8779
93 313 0.8345
116 325 3.7797
133 333 0.9327
245 335 2.5035
229 338 3.3870
45 339 0.5400
198 340 0.7363
266 340 2.4053
71 344 0.5400
208 349 0.2454
253 349 2.8962
83 351 0.4418
251 354 3.1907
158 363 0.6381
52 371 0.2454
66 375 0.1473
215 376 0.2454
255 378 3.1907
146 382 0.6381
71 386 0.0491
116 393 0.3436
164 400 0.2454
141 403 0.3436
93 404 6.2341
212 413 0.1473
