251 50 0.0491
294 63 6.0377
140 70 0.4418
226 72 0.0491
165 77 3.4852
171 83 0.2454
228 93 6.2341
250 96 2.9943
96 104 0.5400
151 106 0.2454
310 114 2.6998
278 115 5.9396
223 120 6.2341
353 130 2.5035
384 131 2.4053
137 143 0.3436
285 145 2.7980
219 162 5.9396
366 164 5.5469
257 181 2.6998
250 187 5.9396
149 191 3.3870
131 215 0.3436
318 215 5.6450
241 223 2.6998
200 225 6.1359
78 226 0.5400
381 256 5.3505
114 267 0.4418
239 276 5.4487
149 279 0.2454
295 280 5.2524
174 291 6.1359
65 301 0.9327
342 302 5.2524
167 307 5.8414
292 329 5.0560
335 344 5.0560
282 360 4.9578
300 362 2.0126
404 368 1.8162
83 377 1.1290
156 397 4.0743
100 406 0.6381
348 430 4.7615
180 435 3.9761
361 438 4.7615
232 444 4.2706
66 455 5.8414
168 466 3.6816
112 479 0.2454
182 486 0.8345
87 488 2.7980
249 491 4.0743
127 498 3.1907
87 500 0.0491
94 505 6.1359
73 508 2.6998
116 513 0.1473
35 515 5.9396
116 533 6.2341
163 535 0.1473
202 540 0.4418
311 540 0.8345
55 541 2.7980
237 542 0.6381
