181 41 2.6998
173 49 2.7980
54 55 3.3870
68 59 3.4852
106 67 3.1907
175 70 2.8962
61 71 0.2454
48 81 3.5834
161 94 5.9396
117 97 3.1907
174 105 2.7980
156 111 5.9396
103 131 3.4852
168 153 2.8962
149 181 3.1907
273 196 5.8414
116 206 3.7797
243 209 5.6450
211 215 5.5469
179 218 2.7980
66 224 4.0743
148 226 3.5834
241 228 5.2524
39 231 0.9327
85 235 4.1724
113 236 4.2706
212 257 4.7615
225 261 4.8597
83 269 4.5651
258 269 5.0560
287 271 5.1542
68 274 4.4670
139 275 5.1542
32 284 4.2706
291 290 4.9578
223 297 4.1724
88 298 4.8597
310 298 4.7615
66 322 4.6633
83 322 5.1542
60 323 4.3688
275 323 4.1724
291 326 1.4235
200 327 3.3870
136 331 2.3071
145 336 6.0377
77 341 5.2524
45 346 1.2272
224 349 3.5834
109 373 2.6016
271 374 0.8345
144 380 2.7980
96 386 2.7980
60 392 0.2454
194 406 3.3870
209 414 0.3436
193 417 3.4852
150 422 3.0925
273 423 3.4852
160 426 0.1473
214 426 3.4852
248 431 0.4418
152 437 3.1907
49 438 0.2454
264 444 3.4852
293 460 0.5400
252 468 0.4418
168 469 3.3870
203 470 0.4418
276 482 3.4852
