87 9 5.9396
111 21 2.7980
97 46 2.9943
103 58 5.9396
87 65 3.3870
171 74 2.4053
51 75 0.7363
19 77 1.1290
42 90 4.5651
22 99 4.4670
94 109 4.2706
200 118 5.5469
41 128 4.9578
195 141 2.4053
143 159 5.6450
120 162 5.5469
192 180 2.5035
190 190 2.6016
208 193 5.8414
58 199 5.5469
124 220 2.6016
205 221 2.6998
79 240 2.6016
181 241 2.8962
216 241 2.7980
139 243 2.8962
130 249 5.9396
117 250 2.6998
92 251 2.7980
163 261 2.7980
136 264 2.7980
191 274 2.9943
112 278 3.0925
210 285 3.2889
148 296 2.8962
