154 36 2.5035
151 53 2.6016
159 62 5.5469
115 69 2.8962
131 70 2.7980
130 79 5.8414
170 82 2.4053
199 96 5.4487
118 103 2.8962
89 127 3.5834
220 128 2.1108
115 148 2.9943
50 165 4.1724
116 165 3.1907
120 185 5.2524
189 189 2.1108
70 198 4.4670
159 200 5.2524
156 223 2.1108
67 227 4.7615
176 235 2.1108
225 239 2.3071
53 241 4.4670
14 249 1.1290
176 252 5.4487
61 256 5.0560
52 262 4.2706
198 269 2.4053
233 278 2.5035
77 285 2.3071
188 291 2.5035
31 293 0.8345
63 294 2.7980
222 301 2.6998
99 307 2.4053
152 312 2.6016
181 315 2.6998
129 327 2.4053
111 329 2.6016
93 342 2.7980
166 346 2.8962
129 349 2.8962
161 363 6.1359
197 371 2.9943
144 376 3.0925
111 377 6.1359
96 387 3.0925
177 389 2.9943
116 399 3.1907
171 400 3.1907
69 401 0.1473
