68 41 0.9327
182 54 3.4852
123 89 0.6381
92 118 3.9761
140 122 3.9761
227 139 5.4487
173 141 3.7797
98 164 0.9327
143 171 0.8345
204 171 3.2889
186 184 0.3436
147 189 4.1724
221 202 2.5035
31 210 1.0308
134 211 1.0308
160 214 4.3688
98 231 4.1724
173 234 4.9578
152 239 4.1724
116 247 0.9327
161 250 5.1542
193 268 2.1108
101 271 0.8345
45 274 0.9327
71 284 0.8345
142 288 6.2341
94 289 0.6381
186 290 2.5035
170 300 2.7980
209 302 2.5035
46 306 0.6381
131 306 0.0491
92 310 0.4418
104 329 0.0491
157 330 2.9943
78 341 0.2454
140 345 6.2341
121 357 3.0925
81 360 0.0491
185 363 2.8962
