81 61 3.9761
219 77 5.8414
193 93 5.9396
84 95 0.8345
217 103 2.6998
245 153 5.2524
196 188 2.7980
116 191 1.0308
253 210 5.0560
191 216 2.8962
50 218 1.1290
182 227 4.6633
227 237 4.7615
171 241 4.4670
223 256 4.7615
248 256 4.9578
220 263 4.2706
180 269 1.3254
181 283 1.0308
195 291 0.7363
218 299 0.7363
55 302 0.8345
267 307 2.0126
176 309 0.5400
72 326 0.8345
199 326 0.1473
154 327 0.5400
116 336 0.6381
98 337 0.6381
137 338 0.6381
187 342 6.2341
261 344 2.6998
43 345 0.5400
72 347 0.5400
169 347 6.2341
145 351 0.3436
148 362 6.2341
82 363 0.4418
134 364 6.0377
110 367 0.0491
90 379 0.0491
41 388 0.2454
60 401 0.0491
112 404 5.9396
96 437 5.7432
115 439 5.9396
98 458 5.5469
