160 18 3.1907
120 26 0.2454
197 30 2.8962
220 44 5.7432
87 47 3.6816
248 63 5.5469
202 67 2.6998
157 68 3.2889
72 75 0.7363
136 83 3.5834
286 87 2.4053
154 91 3.7797
61 92 3.9761
143 93 3.6816
235 114 2.4053
114 126 4.0743
172 139 3.6816
312 140 5.1542
248 168 2.3071
305 174 5.2524
294 176 2.1108
227 179 5.3505
190 189 5.1542
205 189 5.3505
73 192 4.6633
321 198 2.1108
23 199 4.5651
307 202 2.3071
176 203 5.1542
146 205 5.0560
333 217 2.2089
232 225 2.2089
271 227 5.6450
321 233 2.6998
42 235 4.8597
14 236 4.8597
339 239 2.5035
32 245 1.6199
298 245 2.6016
337 249 3.0925
334 268 3.3870
15 271 5.1542
291 274 2.7980
24 290 2.0126
301 291 3.1907
272 302 2.8962
61 307 2.2089
95 307 2.2089
290 319 3.3870
26 330 2.6016
58 333 2.4053
238 334 2.8962
200 340 2.6016
114 348 2.4053
76 353 2.5035
218 355 2.7980
53 357 2.6016
183 360 2.6016
114 369 2.6016
153 371 2.6016
182 375 2.8962
98 379 2.7980
292 385 3.3870
49 386 2.8962
140 386 2.6998
189 400 3.0925
97 404 2.8962
117 405 3.0925
140 410 3.1907
52 413 3.2889
81 418 3.1907
271 418 0.2454
156 428 3.4852
245 432 3.2889
122 444 3.5834
57 449 3.6816
225 449 0.1473
175 457 0.0491
