137 30 6.1359
99 41 0.1473
119 52 6.2341
178 53 2.6998
111 55 6.1359
77 68 3.4852
174 68 2.7980
107 73 6.1359
200 76 5.7432
103 79 3.1907
86 85 3.4852
90 104 3.6816
42 118 3.7797
26 128 0.7363
141 132 2.9943
131 164 3.3870
127 172 4.1724
50 175 4.2706
146 186 5.2524
101 202 4.6633
122 203 4.7615
240 211 5.1542
267 218 1.8162
213 227 1.9144
50 238 4.6633
142 280 2.1108
40 281 5.2524
193 286 2.2089
77 312 2.4053
112 313 2.4053
176 313 2.4053
221 316 2.6016
137 326 2.6016
73 334 2.5035
176 339 5.9396
76 347 2.6998
207 348 2.8962
95 350 2.6998
208 367 2.9943
69 369 2.9943
135 373 2.7980
157 379 2.8962
178 384 3.1907
