123 82 3.5834
211 85 2.9943
293 88 2.7980
240 120 2.8962
74 125 0.5400
112 128 0.4418
297 129 5.8414
155 136 0.1473
273 145 2.7980
217 151 6.0377
162 152 3.3870
96 168 3.7797
233 172 2.8962
149 185 3.6816
52 191 3.9761
67 198 0.8345
263 201 2.6998
265 208 5.6450
183 223 3.6816
369 242 5.1542
249 249 2.6016
139 255 4.2706
328 259 2.1108
18 272 1.1290
289 278 2.1108
25 289 4.3688
170 289 1.2272
321 300 1.9144
86 304 4.6633
137 305 4.5651
118 311 1.3254
24 345 4.6633
317 354 1.7181
318 371 1.2272
355 376 4.1724
23 384 1.6199
297 413 3.2889
401 413 4.0743
336 420 3.7797
135 426 5.4487
201 433 5.8414
384 435 0.9327
151 449 2.3071
301 451 0.6381
253 455 2.9943
266 458 3.2889
222 464 2.8962
389 467 3.8779
157 468 2.5035
91 471 5.5469
128 483 5.7432
394 486 0.8345
244 487 3.1907
161 494 2.6998
120 495 2.5035
218 503 3.1907
347 508 0.4418
148 512 2.7980
382 512 0.4418
241 513 0.2454
98 515 2.6016
232 515 3.3870
299 518 0.3436
258 526 3.5834
202 538 3.1907
131 539 2.9943
244 541 0.4418
