155 36 5.7432
100 56 6.1359
152 69 2.6998
82 70 3.2889
218 72 2.4053
98 93 6.1359
223 101 5.5469
107 127 2.9943
132 128 5.5469
198 140 5.3505
153 166 2.3071
132 172 5.4487
115 176 2.6998
229 183 2.3071
29 184 0.8345
52 189 3.9761
126 196 2.5035
115 206 2.9943
10 219 1.2272
195 220 2.3071
169 231 5.5469
18 233 0.8345
210 262 2.6016
32 266 0.6381
46 269 0.2454
199 270 2.6998
112 272 2.6998
194 282 2.7980
163 290 2.6998
65 297 3.1907
119 302 6.1359
142 305 2.7980
197 307 2.7980
48 312 3.1907
132 328 2.9943
144 372 2.9943
168 376 3.1907
178 376 6.1359
72 393 3.1907
162 403 3.1907
93 412 6.2341
108 418 3.0925
86 427 0.0491
