155 22 3.4852
130 37 0.4418
180 47 6.0377
152 82 3.6816
171 83 6.1359
64 94 1.2272
191 126 3.0925
153 136 4.1724
66 144 4.3688
241 148 2.2089
169 151 4.2706
198 154 3.0925
250 156 5.2524
265 172 2.2089
131 183 1.4235
125 187 4.6633
253 195 5.1542
85 199 4.4670
173 224 4.9578
41 233 1.4235
63 238 1.3254
158 239 4.8597
46 245 1.5217
112 258 4.5651
251 263 2.2089
269 267 2.1108
179 275 5.1542
124 287 4.7615
258 295 2.3071
243 301 5.6450
272 320 2.5035
116 329 4.7615
242 334 2.5035
60 341 1.3254
239 345 2.8962
77 349 1.1290
143 350 2.2089
272 352 2.7980
169 360 2.3071
147 363 2.6016
193 366 2.6998
227 367 2.8962
147 378 2.9943
195 378 6.1359
164 384 2.9943
88 386 0.7363
246 397 2.9943
212 399 2.9943
259 399 6.2341
186 402 3.0925
90 405 0.4418
161 406 3.3870
209 444 0.0491
190 466 6.2341
