191 20 6.1359
167 52 6.2341
137 65 0.2454
214 69 5.7432
88 72 0.5400
171 81 5.9396
245 89 5.5469
175 118 5.5469
285 121 5.3505
61 139 1.0308
144 148 5.9396
235 155 5.1542
74 160 1.0308
221 169 4.9578
264 182 5.0560
143 196 4.3688
111 204 4.2706
191 204 4.5651
298 209 4.9578
309 211 5.1542
78 212 4.2706
249 217 4.7615
283 227 4.9578
262 247 4.6633
200 248 4.3688
144 259 4.2706
288 277 4.4670
53 283 0.9327
294 293 4.2706
301 305 4.2706
114 309 0.9327
27 312 0.2454
279 312 1.0308
331 313 2.4053
179 324 1.1290
245 326 1.1290
295 328 0.6381
124 330 3.9761
275 330 0.8345
62 343 0.2454
255 354 0.9327
181 361 1.0308
119 370 0.6381
234 370 0.8345
282 372 0.6381
31 377 0.0491
145 377 0.7363
210 385 0.8345
259 386 0.5400
160 391 0.7363
97 395 0.0491
175 399 0.7363
302 400 0.1473
193 405 0.4418
126 409 0.2454
234 412 0.5400
260 412 0.5400
47 417 3.2889
176 417 0.0491
143 421 6.2341
290 421 6.2341
259 426 0.1473
48 427 0.0491
215 429 0.0491
166 447 6.1359
214 450 6.0377
70 453 6.2341
250 454 6.1359
