82 16 3.9761
57 24 0.8345
68 58 0.9327
159 63 3.6816
78 74 0.8345
147 75 0.4418
202 88 5.6450
55 104 4.0743
41 110 1.0308
93 120 0.8345
160 132 6.0377
110 133 4.0743
134 133 0.5400
42 134 1.0308
78 150 4.1724
162 152 5.6450
91 162 1.0308
125 178 0.9327
190 187 5.2524
132 188 4.0743
150 192 5.7432
182 212 5.0560
152 213 4.5651
201 233 5.1542
29 235 1.0308
160 247 4.4670
183 250 4.7615
62 254 1.1290
198 272 4.8597
217 294 2.4053
61 298 3.9761
241 309 2.6016
67 311 1.0308
174 314 1.0308
115 320 0.9327
43 321 1.0308
135 333 0.7363
173 342 0.6381
66 348 0.6381
43 352 0.6381
214 356 0.0491
110 359 0.5400
92 363 0.5400
217 367 3.0925
136 370 0.4418
170 373 0.3436
164 402 0.2454
