223 13 5.7432
189 24 2.8962
172 34 2.9943
120 46 3.5834
321 82 4.9578
342 144 4.7615
80 153 4.7615
82 189 1.8162
220 191 1.8162
61 197 5.0560
172 216 2.1108
228 217 1.5217
35 230 2.0126
297 237 1.0308
353 240 0.8345
190 242 2.2089
309 256 0.8345
236 259 0.8345
342 269 0.4418
261 270 0.7363
222 271 3.2889
29 272 2.4053
241 274 0.4418
310 280 0.5400
106 281 2.4053
65 289 2.4053
180 291 2.7980
283 295 0.2454
112 296 2.5035
231 298 0.2454
42 303 2.7980
144 305 2.6016
360 306 0.1473
138 310 2.8962
92 319 2.6998
215 332 3.1907
53 344 2.8962
378 345 0.2454
92 350 2.8962
170 352 2.9943
152 362 3.0925
336 366 0.1473
115 399 3.2889
250 399 0.2454
359 415 3.1907
167 423 3.2889
252 423 0.1473
117 439 3.4852
256 439 3.1907
276 447 6.0377
302 449 0.1473
