113 10 3.2889
71 45 0.4418
189 66 2.4053
84 79 0.5400
104 105 0.1473
158 110 2.5035
57 117 4.0743
202 130 5.1542
25 138 3.9761
94 140 0.5400
109 143 6.0377
169 143 5.1542
91 168 4.1724
164 171 4.8597
196 171 5.1542
142 172 4.8597
123 174 2.5035
27 175 1.0308
104 180 4.2706
46 188 4.3688
94 202 1.1290
44 203 1.2272
133 203 4.5651
113 212 4.2706
152 220 1.6199
90 221 4.1724
197 231 4.7615
40 234 1.0308
163 246 4.3688
180 253 4.3688
137 258 4.1724
33 264 1.1290
185 270 4.4670
126 286 1.0308
136 290 3.9761
57 294 0.8345
154 300 1.1290
76 302 0.8345
161 315 0.8345
138 325 0.8345
73 331 0.6381
67 345 3.3870
152 346 0.6381
69 352 0.4418
108 355 0.6381
136 363 0.4418
107 379 0.3436
134 380 0.2454
70 387 0.4418
100 390 3.4852
86 401 0.4418
64 414 0.2454
77 426 0.2454
