154 48 3.3870
68 52 1.0308
133 59 0.4418
167 88 5.9396
134 113 0.5400
18 129 1.2272
31 131 4.2706
112 143 4.2706
175 146 3.1907
44 162 1.2272
101 182 1.2272
157 195 4.3688
23 212 4.0743
37 225 1.1290
157 226 4.4670
162 239 4.8597
59 246 1.1290
156 250 4.4670
34 268 3.8779
133 275 1.1290
84 280 0.9327
141 289 0.4418
50 297 0.8345
121 299 0.7363
94 310 0.7363
221 310 2.5035
56 323 0.6381
226 326 2.8962
202 332 2.7980
103 343 0.4418
173 343 3.1907
68 344 0.3436
135 351 0.1473
218 365 3.1907
70 366 0.1473
120 377 6.2341
80 382 0.0491
204 392 0.2454
104 394 0.1473
