141 31 2.9943
90 45 3.2889
68 49 0.2454
190 54 5.8414
103 60 0.0491
72 71 3.4852
129 75 6.2341
175 76 2.7980
104 91 0.0491
226 94 5.5469
139 99 2.9943
35 110 3.6816
259 125 5.4487
143 132 5.8414
100 135 0.0491
179 156 2.6016
88 159 3.7797
152 164 2.7980
203 167 5.4487
219 167 2.4053
22 178 3.9761
108 182 3.6816
59 183 3.9761
168 187 2.7980
242 191 4.9578
273 196 4.8597
286 196 5.0560
138 197 3.3870
32 201 0.9327
176 221 2.8962
162 228 3.3870
263 237 4.3688
92 242 4.2706
133 242 4.2706
243 248 3.7797
100 250 4.4670
188 254 0.1473
177 256 3.7797
266 258 4.1724
204 274 0.1473
91 276 4.3688
104 278 5.0560
174 278 0.6381
201 280 6.2341
151 283 1.6199
231 290 0.4418
26 299 0.9327
118 304 2.3071
64 306 1.0308
255 310 0.6381
184 311 2.5035
29 313 0.4418
127 324 2.6016
229 324 0.0491
72 326 6.2341
185 335 2.6998
50 336 6.2341
172 344 2.7980
237 348 3.0925
270 349 0.3436
36 351 6.2341
179 385 2.8962
197 408 3.0925
157 412 3.1907
55 416 2.9943
291 419 3.6816
107 420 3.0925
216 420 3.2889
139 427 3.2889
116 433 0.0491
274 435 3.4852
285 437 0.6381
200 440 3.3870
80 443 0.1473
66 444 3.2889
