128 13 0.1473
181 30 5.7432
211 73 2.4053
104 80 0.3436
194 90 5.3505
70 97 3.8779
170 101 5.5469
46 106 0.7363
154 119 5.5469
202 130 2.1108
215 145 5.1542
183 150 5.1542
91 153 0.5400
93 174 0.5400
163 174 4.8597
211 183 1.9144
111 191 4.4670
183 191 4.8597
26 196 0.9327
98 197 4.1724
199 203 4.8597
107 210 4.3688
193 215 1.7181
158 226 4.4670
185 230 4.7615
197 248 4.9578
178 250 4.5651
138 269 4.2706
59 301 3.7797
181 305 0.8345
140 308 1.1290
123 321 1.0308
175 325 0.7363
73 329 0.7363
140 337 0.8345
137 347 0.5400
49 350 0.3436
89 352 0.5400
162 358 0.4418
146 367 0.2454
101 377 0.4418
165 380 3.2889
120 381 0.3436
138 397 0.1473
