198 29 6.2341
215 42 3.1907
199 56 0.0491
231 56 3.0925
213 73 3.2889
155 74 0.4418
185 92 0.2454
156 103 3.6816
276 122 5.6450
262 125 5.5469
192 128 0.1473
234 128 5.6450
176 142 0.2454
193 146 5.8414
261 162 5.1542
111 163 4.3688
199 172 4.7615
168 173 0.9327
198 175 3.8779
249 177 4.8597
50 189 4.3688
321 192 5.0560
203 194 4.0743
132 200 5.2524
103 203 4.7615
213 204 4.1724
237 211 4.4670
172 213 3.2889
268 213 4.6633
34 228 4.6633
151 232 2.6998
215 232 4.1724
316 238 4.8597
265 249 4.4670
305 263 4.7615
113 264 5.7432
140 269 2.9943
289 270 4.3688
22 286 5.0560
156 293 3.3870
39 316 2.2089
233 325 0.8345
344 327 2.4053
70 328 2.6998
276 329 0.8345
136 332 3.1907
335 341 3.0925
64 345 2.7980
247 353 0.6381
178 358 0.5400
271 361 0.5400
343 370 3.1907
262 381 0.4418
48 382 2.8962
232 382 0.4418
326 382 0.0491
158 387 0.2454
210 389 0.3436
185 398 0.1473
82 399 3.0925
270 402 0.1473
119 408 3.2889
100 410 0.1473
279 427 6.2341
194 434 0.1473
124 444 6.1359
191 455 2.8962
105 478 3.1907
250 492 6.1359
