125 5 3.4852
191 36 3.1907
65 41 0.6381
173 59 3.2889
118 78 3.6816
195 89 2.9943
124 96 0.5400
124 101 3.7797
259 104 2.2089
162 107 0.0491
185 115 5.8414
81 121 0.7363
128 121 0.4418
223 123 5.3505
266 143 2.0126
203 149 5.1542
149 151 0.0491
98 152 0.7363
35 159 0.8345
193 172 5.0560
137 173 0.0491
177 184 2.1108
234 207 4.9578
128 211 3.9761
245 212 1.9144
202 217 4.7615
215 222 4.9578
194 234 4.4670
166 235 3.9761
42 236 0.8345
231 247 1.8162
43 250 0.6381
88 253 0.7363
143 260 0.8345
214 265 1.9144
38 267 0.4418
177 267 0.7363
61 274 0.3436
84 280 3.4852
120 286 0.5400
216 289 2.6998
139 296 0.4418
49 302 0.2454
74 304 0.3436
150 311 0.1473
46 316 0.1473
165 329 6.2341
87 330 0.2454
186 336 3.0925
159 341 3.1907
124 343 0.1473
165 353 0.0491
47 376 0.0491
136 391 6.1359
