136 14 6.1359
89 18 3.6816
67 36 0.7363
86 43 0.5400
131 50 6.0377
132 61 3.2889
204 80 2.4053
31 81 1.0308
162 83 2.6016
4 90 1.1290
163 95 2.6998
174 98 5.5469
229 107 2.2089
39 112 4.1724
25 127 1.0308
157 135 2.6016
84 140 4.2706
186 147 5.2524
108 160 4.5651
180 176 5.0560
209 183 5.1542
76 196 4.5651
152 199 1.9144
165 203 3.9761
29 204 1.2272
199 216 4.7615
120 219 5.2524
83 225 4.8597
179 228 4.0743
217 235 4.7615
230 239 5.0560
121 245 5.4487
48 251 4.4670
115 254 5.1542
204 255 4.4670
171 257 3.4852
77 261 4.9578
226 262 4.8597
54 276 4.6633
63 279 4.9578
236 280 5.1542
35 282 4.3688
60 299 5.0560
68 300 1.8162
183 305 0.5400
41 314 4.4670
216 317 0.5400
143 324 0.0491
142 332 2.6998
80 336 2.5035
200 340 0.0491
44 354 6.2341
116 366 2.7980
166 366 6.2341
202 367 3.0925
96 376 2.8962
162 383 3.1907
181 392 3.0925
157 393 0.1473
96 412 3.0925
