123 5 3.3870
81 46 0.4418
93 48 3.5834
188 63 6.1359
107 75 3.5834
43 83 0.6381
146 83 3.4852
182 88 5.9396
36 106 3.8779
112 114 0.5400
154 155 6.2341
77 159 1.0308
96 179 0.9327
185 194 2.6016
166 200 3.4852
34 207 3.8779
40 209 0.9327
181 211 3.2889
214 211 2.4053
53 213 3.8779
107 219 0.8345
143 226 0.6381
29 234 0.7363
50 235 0.8345
218 237 2.6998
149 252 0.3436
85 254 0.6381
49 260 0.4418
180 260 3.3870
92 269 0.4418
160 270 0.3436
47 282 0.2454
168 282 0.1473
103 285 0.2454
47 302 0.2454
149 314 0.0491
143 345 6.2341
59 346 6.2341
75 357 3.1907
86 365 3.2889
122 367 3.1907
149 368 6.2341
56 370 0.2454
