111 41 3.0925
181 76 5.7432
43 96 3.6816
161 102 2.6998
105 106 3.3870
181 110 5.5469
146 120 5.7432
101 126 3.4852
219 127 5.4487
61 133 0.4418
104 137 3.4852
51 148 0.5400
219 153 2.2089
143 168 5.4487
55 179 4.0743
219 179 2.2089
178 187 2.3071
99 193 0.1473
154 202 2.3071
140 207 2.5035
225 207 2.3071
52 219 1.0308
188 223 2.3071
148 227 2.4053
121 229 3.6816
141 236 5.7432
195 251 2.5035
170 256 2.6016
100 258 0.5400
157 261 2.6998
49 269 0.9327
164 274 2.8962
71 287 3.9761
111 290 3.4852
185 292 2.8962
88 294 0.4418
41 295 0.8345
60 300 0.8345
128 314 3.3870
121 324 3.4852
62 326 0.6381
64 343 0.6381
97 354 0.3436
161 364 3.1907
