131 33 2.6016
218 47 2.2089
194 61 2.4053
218 72 5.5469
180 75 5.4487
148 84 2.4053
123 92 2.6016
118 126 5.3505
162 146 5.2524
58 147 0.5400
73 156 6.1359
153 161 5.0560
146 184 4.9578
231 190 2.3071
152 213 4.5651
170 219 4.9578
43 222 1.0308
99 223 4.1724
183 228 5.0560
162 231 4.5651
130 251 4.0743
62 252 3.7797
29 260 0.6381
202 266 2.3071
93 275 0.8345
197 281 3.1907
142 293 0.6381
49 298 0.5400
102 306 0.6381
188 311 3.5834
46 314 0.4418
55 318 0.3436
129 326 0.4418
108 330 0.6381
95 344 3.3870
53 348 3.2889
67 349 0.2454
189 358 0.4418
99 359 0.3436
187 365 3.4852
136 371 3.3870
69 374 0.1473
119 381 0.2454
189 382 0.5400
158 384 0.3436
151 397 3.2889
73 399 3.3870
