185 57 2.6998
139 103 2.7980
266 105 5.5469
101 108 3.3870
244 118 5.3505
126 119 3.1907
133 132 3.2889
138 149 3.5834
232 152 5.1542
100 157 4.2706
112 157 4.2706
264 157 5.2524
208 173 4.8597
176 178 2.4053
167 186 2.7980
103 187 1.4235
70 189 4.9578
51 194 4.7615
254 196 4.7615
293 198 5.0560
179 204 1.1290
27 211 5.0560
141 213 1.9144
219 214 3.8779
15 222 4.9578
273 224 4.3688
286 225 4.6633
53 229 1.9144
152 229 6.1359
210 239 3.5834
78 243 5.4487
189 243 3.1907
9 247 5.2524
285 250 1.3254
221 259 3.5834
142 260 2.7980
261 262 1.0308
101 266 2.4053
168 272 0.1473
43 274 2.4053
64 279 2.4053
157 292 3.0925
300 293 0.6381
76 305 2.7980
284 310 0.3436
133 319 3.0925
140 329 0.0491
266 329 0.3436
114 331 2.9943
175 339 3.1907
82 343 2.9943
170 374 3.2889
272 374 3.5834
281 396 3.5834
165 399 3.3870
303 422 0.5400
220 437 0.4418
211 449 3.2889
190 492 3.3870
194 504 0.2454
211 505 3.2889
