171 15 5.7432
213 54 5.3505
233 80 2.0126
200 93 2.3071
45 100 0.8345
70 114 0.7363
140 129 2.7980
85 132 0.5400
148 136 5.2524
235 142 1.9144
128 145 5.3505
200 147 1.9144
221 148 4.9578
99 167 0.0491
77 168 0.8345
99 180 5.6450
39 194 4.1724
239 232 1.8162
193 239 4.9578
99 241 4.1724
113 254 4.3688
145 259 4.6633
17 266 1.1290
172 270 4.7615
126 277 4.4670
45 278 1.0308
189 304 5.0560
21 312 0.7363
17 325 0.3436
166 330 4.7615
90 335 0.8345
50 337 0.3436
92 349 0.5400
111 356 0.6381
137 358 0.9327
38 361 0.0491
152 365 0.6381
206 371 2.3071
164 374 0.0491
93 378 0.0491
136 381 0.1473
201 396 2.6998
103 402 6.2341
26 404 3.1907
129 409 6.2341
24 420 6.2341
157 433 2.7980
116 461 6.0377
77 466 5.9396
117 484 2.7980
