99 48 3.1907
132 57 2.8962
156 61 5.7432
214 89 5.3505
47 100 0.5400
106 106 3.4852
131 112 5.6450
98 121 3.7797
126 124 3.1907
101 147 0.2454
59 151 4.2706
119 153 3.4852
168 156 2.0126
92 167 4.4670
30 171 4.2706
47 196 4.5651
12 211 1.5217
137 232 2.2089
235 245 1.8162
194 249 2.1108
151 267 2.4053
31 277 5.5469
54 279 2.3071
128 289 2.6998
167 289 2.6016
205 293 2.3071
54 297 2.5035
192 297 2.5035
92 306 2.7980
126 312 2.8962
216 316 2.6016
201 327 2.7980
81 340 2.9943
106 342 6.1359
159 346 2.8962
174 357 3.0925
125 378 2.9943
