177 7 3.0925
222 49 2.7980
203 55 5.9396
132 57 3.4852
98 79 0.6381
170 79 3.1907
201 90 5.8414
127 99 0.4418
224 126 5.5469
100 128 0.6381
244 132 2.4053
276 137 2.2089
297 145 2.0126
156 156 6.0377
298 169 1.8162
279 179 5.0560
102 181 0.8345
153 193 5.5469
119 201 0.6381
118 218 4.1724
140 232 3.9761
140 233 4.6633
221 235 4.8597
284 238 4.9578
204 239 4.7615
125 250 4.3688
179 254 4.4670
82 259 4.3688
156 268 4.3688
47 272 4.2706
201 273 4.5651
247 280 4.7615
8 284 1.3254
80 287 1.3254
148 290 1.2272
128 295 4.1724
98 296 1.1290
29 302 1.1290
211 303 4.4670
181 308 1.2272
76 316 1.0308
142 317 1.1290
229 319 4.6633
81 321 4.1724
153 321 4.1724
132 331 4.0743
78 336 1.1290
37 341 0.9327
51 351 0.8345
241 351 4.6633
188 352 1.2272
235 354 4.1724
85 365 0.7363
212 366 1.1290
67 386 0.7363
209 388 0.8345
147 391 0.9327
88 392 0.6381
39 394 0.6381
128 399 0.6381
165 401 0.8345
178 401 0.8345
190 403 0.7363
44 412 0.3436
67 420 0.2454
149 421 0.1473
202 422 0.3436
118 423 0.3436
172 423 0.2454
89 432 0.3436
170 436 3.1907
