187 26 3.0925
160 39 6.2341
241 60 2.8962
140 78 3.3870
150 86 0.0491
174 88 3.1907
315 102 5.6450
60 110 4.1724
296 116 5.6450
316 129 2.4053
79 131 0.9327
268 133 2.6016
224 151 3.0925
119 157 4.0743
269 165 2.6016
153 167 3.9761
271 172 5.5469
213 179 3.2889
162 186 0.7363
269 189 2.6016
179 190 3.9761
219 204 3.5834
151 210 4.3688
53 221 1.2272
365 224 5.2524
155 226 1.1290
48 260 4.5651
330 286 2.1108
325 291 5.3505
232 309 5.1542
370 313 2.2089
349 320 2.4053
268 334 5.3505
38 336 4.7615
249 340 2.1108
66 341 5.0560
258 343 5.4487
230 347 5.3505
34 351 4.7615
271 355 2.1108
295 358 2.4053
178 360 5.3505
146 363 5.1542
133 388 2.1108
252 394 2.4053
359 399 2.8962
292 408 2.7980
176 415 2.4053
209 419 2.5035
49 421 2.4053
333 421 2.9943
96 422 2.4053
124 422 2.3071
303 428 6.1359
64 432 2.5035
152 432 2.4053
256 437 2.6998
331 447 3.0925
50 448 2.6016
84 451 2.6016
185 453 2.6998
278 457 2.7980
349 460 6.2341
173 462 2.6998
99 465 2.8962
267 466 2.8962
218 467 2.8962
130 468 2.7980
311 468 3.1907
360 475 3.1907
277 478 3.0925
157 480 2.8962
139 487 3.1907
223 489 3.0925
