190 31 0.1473
123 66 3.7797
173 67 0.2454
237 89 6.1359
93 110 0.7363
230 113 3.1907
178 116 0.2454
199 125 0.0491
117 140 0.6381
271 140 5.7432
229 148 5.9396
137 158 3.9761
199 158 6.2341
211 174 5.7432
115 178 4.3688
162 180 0.2454
168 193 6.0377
298 193 5.5469
198 196 5.2524
49 200 4.2706
150 200 0.0491
85 206 4.7615
128 208 6.1359
95 210 1.2272
292 210 5.1542
155 214 3.1907
50 228 4.8597
240 228 4.7615
179 231 4.1724
230 231 4.6633
156 237 3.4852
263 242 4.7615
278 244 5.1542
228 254 1.5217
212 255 4.1724
18 262 5.2524
160 263 3.5834
146 265 3.3870
282 266 4.8597
39 270 5.5469
253 270 4.2706
171 271 0.9327
34 286 2.3071
276 288 4.1724
188 297 3.6816
134 299 3.2889
267 308 0.7363
160 315 0.5400
243 336 0.6381
263 340 0.3436
276 344 3.3870
174 348 0.4418
31 350 2.9943
72 354 2.7980
162 356 0.2454
254 356 0.3436
204 358 0.4418
250 362 3.4852
140 370 6.1359
213 373 0.3436
225 373 0.2454
252 386 0.0491
177 390 0.0491
198 403 0.0491
71 418 6.2341
102 422 2.9943
86 437 3.0925
152 437 3.0925
