112 9 3.4852
106 41 3.5834
80 48 0.5400
110 51 0.1473
172 55 5.6450
130 73 6.0377
163 79 2.6016
131 84 3.2889
149 99 5.4487
102 106 0.3436
130 112 5.8414
155 117 2.5035
105 140 0.1473
147 144 5.1542
41 150 1.1290
199 151 5.0560
222 184 5.0560
56 202 4.3688
116 204 4.4670
143 204 4.7615
180 208 4.8597
197 209 4.9578
42 221 1.1290
80 229 1.1290
131 235 4.4670
210 273 4.8597
39 298 0.9327
172 318 0.8345
112 320 0.7363
75 321 0.7363
154 323 0.8345
203 323 0.1473
35 325 0.6381
187 326 0.5400
135 329 0.6381
162 336 0.4418
91 343 0.3436
39 345 0.4418
133 348 0.1473
155 349 0.1473
42 358 0.3436
145 363 3.2889
137 376 0.1473
97 385 0.3436
129 390 3.2889
56 393 0.2454
137 439 0.0491
