85 36 6.2341
155 41 2.7980
74 50 3.3870
238 62 2.2089
69 73 3.6816
167 99 2.4053
95 101 3.4852
45 104 0.8345
39 105 4.1724
223 107 2.3071
80 126 0.4418
107 138 3.5834
4 146 1.3254
62 154 4.4670
39 156 1.2272
221 158 5.2524
215 170 2.1108
39 173 4.5651
72 194 1.4235
121 206 4.9578
61 215 4.6633
214 223 2.1108
270 233 2.3071
24 237 4.5651
6 260 1.4235
48 269 4.7615
55 277 5.0560
223 279 2.6016
203 302 2.5035
151 310 2.6016
89 313 2.6998
261 315 2.6998
120 316 2.6998
197 317 2.6998
43 323 0.3436
71 329 3.1907
131 345 2.7980
194 353 2.8962
162 359 2.7980
79 360 3.3870
174 364 3.1907
261 366 2.7980
149 387 3.0925
229 400 3.1907
177 403 3.2889
252 406 2.8962
143 413 0.2454
233 416 3.1907
179 427 3.3870
147 437 0.1473
193 444 0.0491
231 447 3.4852
168 456 0.0491
