83 6 3.5834
87 24 3.7797
48 39 0.7363
76 49 0.7363
179 62 3.2889
119 81 3.7797
77 84 0.7363
217 94 5.8414
110 113 0.8345
31 125 4.0743
202 128 5.7432
84 133 3.9761
247 145 2.3071
238 158 2.4053
77 167 1.0308
223 193 2.6016
22 195 0.9327
129 202 3.9761
199 206 3.1907
49 210 4.0743
59 210 1.0308
206 234 3.1907
179 235 0.4418
223 235 2.6998
97 239 0.8345
61 242 0.9327
43 254 0.8345
97 261 0.7363
105 268 0.5400
196 276 0.0491
41 281 0.5400
144 282 0.4418
103 284 0.3436
46 291 3.6816
105 296 0.3436
29 301 0.5400
63 311 0.4418
37 324 3.5834
103 331 0.1473
36 340 0.4418
52 370 0.3436
131 378 0.2454
150 394 0.0491
180 408 6.1359
144 417 3.2889
70 419 3.2889
