165 27 0.2454
191 41 0.1473
174 51 0.0491
212 59 3.0925
102 63 0.5400
163 92 0.1473
185 93 3.1907
216 100 2.7980
182 101 6.1359
197 117 2.9943
212 128 5.9396
58 131 0.8345
198 141 5.9396
195 149 5.7432
144 152 0.4418
251 160 2.4053
149 172 0.1473
176 174 5.8414
60 182 3.9761
219 183 5.3505
183 203 5.1542
199 207 5.0560
110 208 0.8345
156 219 3.1907
217 222 5.1542
201 225 1.9144
193 231 4.7615
65 236 0.9327
131 242 3.9761
214 244 4.8597
78 248 0.8345
235 256 5.0560
157 259 4.0743
38 269 0.8345
244 269 5.1542
261 271 5.2524
52 274 0.6381
311 274 2.4053
107 275 0.7363
229 278 4.6633
264 283 2.1108
162 286 3.9761
280 289 2.3071
238 294 4.5651
197 306 3.9761
32 307 0.3436
61 309 0.3436
268 318 2.6016
110 322 0.3436
241 322 0.5400
19 327 0.1473
277 333 3.1907
159 334 0.7363
69 340 0.0491
308 341 3.0925
254 343 3.5834
228 347 0.5400
73 349 3.1907
56 354 0.0491
197 357 0.7363
174 362 0.6381
291 365 3.4852
65 366 6.1359
122 374 0.3436
41 375 6.1359
187 383 0.4418
299 387 3.3870
121 391 0.0491
71 397 2.8962
294 398 0.2454
156 402 0.1473
125 405 6.2341
188 408 0.1473
177 415 6.2341
253 415 0.2454
218 420 0.2454
250 421 3.2889
55 429 6.0377
93 432 6.1359
100 442 2.8962
163 446 0.0491
75 472 6.0377
200 488 0.0491
190 505 2.8962
