164 21 0.7363
242 43 5.8414
204 48 0.2454
119 52 4.2706
174 52 0.8345
205 84 0.2454
102 90 1.2272
96 107 4.3688
209 113 6.0377
160 124 1.1290
89 125 1.2272
100 127 4.3688
130 128 1.2272
192 131 0.5400
174 132 1.0308
201 144 0.2454
97 146 1.3254
220 153 2.6998
212 165 4.4670
222 171 4.5651
167 175 1.1290
254 190 4.5651
91 195 4.3688
169 199 4.3688
179 203 4.2706
232 205 4.2706
125 208 1.2272
160 220 1.1290
208 230 1.1290
226 243 4.1724
160 246 1.1290
172 261 1.0308
91 271 0.8345
122 271 0.8345
115 276 3.8779
124 283 3.8779
99 290 0.7363
181 292 0.8345
109 300 0.7363
247 301 1.0308
135 302 0.6381
172 313 0.7363
210 327 0.6381
177 329 0.4418
226 332 0.8345
248 338 0.7363
142 340 0.4418
113 353 0.2454
232 353 0.4418
187 367 0.2454
