152 7 5.9396
169 28 2.7980
112 43 0.0491
80 54 0.3436
153 72 2.9943
140 85 6.1359
183 99 2.6016
105 105 3.6816
212 109 5.3505
114 126 3.7797
223 128 2.2089
166 148 2.6998
147 153 3.3870
108 160 0.6381
167 167 5.3505
84 190 4.1724
139 195 3.7797
10 199 1.3254
162 213 5.0560
150 216 3.3870
33 222 4.3688
191 226 2.0126
68 229 4.3688
224 237 5.1542
236 242 1.9144
118 243 1.2272
39 249 4.2706
29 251 1.2272
259 252 1.7181
6 263 1.2272
81 278 4.8597
26 290 4.5651
7 291 1.5217
158 292 1.9144
108 299 1.8162
241 304 2.0126
179 318 2.0126
244 331 2.2089
145 340 5.5469
205 344 2.3071
105 355 2.3071
172 355 2.4053
145 361 2.4053
234 363 2.5035
85 365 2.4053
63 369 2.4053
111 376 2.6016
195 377 2.5035
47 388 2.7980
192 388 2.7980
137 390 2.7980
94 391 2.8962
64 398 2.8962
57 411 3.1907
189 421 2.9943
78 426 3.1907
132 437 2.9943
141 462 6.1359
