151 36 3.7797
228 61 3.3870
116 71 3.7797
154 74 0.6381
227 74 0.0491
262 75 2.9943
260 87 3.0925
185 102 0.3436
212 104 3.3870
196 134 0.2454
136 145 0.5400
224 156 3.2889
242 157 6.0377
50 170 3.9761
198 172 0.1473
118 174 3.9761
287 184 2.6998
316 185 5.6450
169 194 3.7797
194 197 0.0491
141 203 0.6381
225 206 5.8414
92 207 0.8345
156 224 0.7363
196 233 6.0377
296 235 5.5469
157 237 0.5400
198 245 5.5469
88 251 1.0308
279 262 5.3505
243 263 5.1542
205 264 4.7615
225 286 4.5651
270 289 5.1542
250 290 4.9578
241 301 4.6633
330 327 2.4053
68 334 4.0743
264 334 4.5651
271 338 5.0560
85 339 1.0308
56 361 0.9327
324 369 2.6016
231 372 0.9327
293 374 3.0925
89 383 0.7363
255 387 0.4418
107 389 0.6381
231 396 0.6381
120 398 0.5400
203 400 0.7363
322 400 2.7980
28 403 0.1473
54 405 0.3436
87 412 0.2454
160 413 0.6381
137 416 0.4418
218 418 0.3436
321 419 3.0925
172 422 0.4418
285 427 0.0491
122 435 0.1473
179 436 0.3436
334 436 3.0925
35 439 0.0491
226 441 0.1473
195 447 0.0491
133 479 6.1359
291 480 3.2889
254 492 0.2454
81 501 3.1907
