189 33 5.5469
154 37 3.1907
120 39 0.2454
210 43 5.4487
73 76 3.8779
139 79 6.1359
204 89 2.3071
218 95 2.0126
140 118 6.1359
164 131 5.2524
124 147 6.2341
201 148 1.9144
225 152 4.9578
107 161 0.4418
199 168 1.9144
190 173 2.0126
210 184 5.0560
175 188 4.7615
154 189 4.5651
61 200 1.0308
200 203 4.6633
214 216 4.7615
106 221 4.0743
174 224 4.4670
113 231 4.1724
208 249 4.5651
149 261 4.2706
74 271 1.0308
94 274 3.8779
166 275 4.2706
47 283 0.8345
107 285 3.9761
203 293 1.3254
175 298 1.2272
118 300 4.0743
54 302 0.7363
35 304 3.8779
95 325 0.9327
122 337 0.9327
46 342 0.4418
74 344 0.7363
112 351 0.6381
156 352 0.8345
74 355 0.3436
121 362 0.3436
103 368 0.3436
