142 22 2.8962
133 40 6.0377
94 63 3.2889
203 66 2.6998
125 78 6.1359
77 99 0.1473
233 105 2.6016
134 117 2.9943
196 129 2.4053
102 130 6.1359
259 130 5.8414
120 144 3.0925
247 146 5.7432
30 155 3.8779
197 159 5.6450
164 161 2.6016
113 168 3.4852
75 171 3.8779
254 171 5.6450
174 173 5.3505
114 185 3.5834
107 193 4.0743
27 200 4.1724
113 202 4.6633
51 205 4.3688
76 205 4.4670
201 206 5.4487
125 223 5.8414
177 224 4.8597
193 225 5.1542
245 226 5.3505
39 227 4.3688
103 230 5.1542
70 232 4.7615
119 232 5.6450
205 240 5.0560
168 243 3.2889
177 250 3.9761
45 251 4.6633
68 251 4.9578
288 252 5.4487
212 256 4.7615
56 263 4.8597
246 264 4.9578
198 269 4.0743
260 271 4.9578
104 272 5.7432
230 275 4.3688
47 278 4.7615
173 281 3.1907
132 284 2.6998
272 291 4.2706
252 295 1.5217
30 296 4.4670
160 297 3.0925
136 307 2.8962
167 307 0.5400
106 308 2.5035
47 311 1.4235
266 312 0.6381
86 315 2.6998
26 317 1.3254
168 320 3.1907
200 323 0.6381
47 329 1.0308
169 336 3.2889
59 337 0.3436
52 349 0.3436
39 351 0.8345
97 351 3.0925
111 355 3.1907
93 360 0.0491
224 366 0.5400
163 375 3.3870
177 376 3.3870
247 377 0.3436
207 393 0.2454
168 394 3.2889
146 395 0.1473
101 401 3.1907
276 407 0.2454
133 410 3.2889
187 416 3.3870
