232 45 5.8414
99 50 3.6816
237 74 5.9396
82 79 4.1724
67 87 4.1724
201 132 0.3436
166 134 0.8345
46 138 4.4670
292 149 2.5035
24 153 4.4670
273 155 5.5469
127 156 6.2341
71 161 4.6633
116 164 5.5469
203 165 0.4418
173 167 0.7363
181 178 3.6816
202 186 0.0491
101 187 5.5469
42 188 1.5217
238 196 5.6450
73 201 5.1542
96 201 5.5469
173 205 3.5834
105 218 2.3071
235 223 5.3505
178 231 0.3436
44 234 5.5469
291 239 2.1108
232 240 5.2524
34 241 5.3505
209 246 4.9578
274 250 2.3071
255 259 2.3071
221 264 4.4670
145 265 3.2889
285 265 2.5035
67 266 2.6016
185 266 3.5834
272 277 2.8962
254 279 3.2889
88 285 2.7980
218 286 0.6381
196 295 0.7363
48 304 2.8962
115 309 2.7980
50 323 2.9943
157 336 0.3436
185 336 0.3436
163 346 0.0491
125 358 6.1359
134 369 2.8962
83 370 6.0377
175 370 6.2341
248 379 0.0491
234 403 6.1359
113 417 3.0925
255 420 2.9943
75 421 3.0925
