140 18 3.5834
210 19 2.8962
250 81 2.6016
177 99 6.0377
48 102 0.8345
58 103 4.0743
235 108 5.4487
122 111 0.6381
163 124 3.3870
141 132 0.4418
110 138 0.7363
26 141 4.2706
159 153 5.9396
86 154 1.1290
257 162 2.1108
162 164 3.1907
138 171 0.4418
215 171 5.1542
176 188 5.1542
27 191 1.1290
96 202 1.1290
25 217 4.2706
182 255 4.4670
135 257 4.1724
249 262 4.5651
205 263 4.4670
155 278 4.2706
55 286 0.9327
83 287 4.0743
60 346 0.8345
176 347 1.0308
35 356 0.8345
125 357 0.8345
100 358 0.8345
109 364 0.7363
170 367 0.7363
68 371 0.8345
91 374 0.5400
139 379 0.6381
36 388 0.4418
116 395 0.5400
41 400 0.2454
134 404 0.3436
66 411 0.3436
