149 25 3.0925
102 57 0.4418
24 70 1.0308
108 70 3.7797
64 88 0.8345
207 93 5.3505
137 111 6.1359
219 115 2.3071
152 123 3.0925
90 132 0.8345
34 138 0.9327
125 154 0.3436
64 160 4.0743
236 169 2.2089
133 191 5.6450
113 198 0.6381
28 202 1.0308
122 207 5.8414
57 214 1.0308
153 241 4.9578
76 247 4.2706
150 255 4.6633
167 263 5.1542
177 286 2.2089
107 291 4.1724
215 301 2.6016
99 313 1.0308
149 313 0.7363
30 318 1.0308
216 327 2.7980
146 334 0.5400
117 336 0.8345
85 346 0.9327
49 348 0.8345
24 352 0.9327
224 358 2.9943
86 362 0.6381
100 371 0.6381
118 371 0.5400
30 378 0.5400
47 388 0.4418
95 399 0.1473
115 402 0.2454
54 404 0.4418
