155 10 3.4852
187 32 0.1473
215 55 6.2341
246 61 2.9943
165 76 3.5834
89 95 3.7797
247 97 6.0377
148 111 0.4418
205 122 6.2341
149 125 3.7797
311 142 5.5469
191 146 3.5834
75 155 3.9761
267 157 5.5469
181 170 0.4418
132 182 0.7363
164 186 3.8779
212 190 6.0377
35 222 3.9761
309 225 5.0560
124 227 0.8345
338 228 5.1542
69 253 0.9327
290 262 4.6633
342 270 1.8162
331 273 4.9578
314 282 4.7615
43 288 0.7363
273 293 4.1724
191 300 3.8779
317 316 4.5651
271 318 1.1290
70 326 0.5400
38 337 0.3436
95 343 0.4418
164 347 0.6381
60 348 0.2454
114 349 0.4418
196 356 0.5400
140 360 0.3436
154 369 0.3436
263 369 0.6381
310 372 0.5400
99 374 0.2454
189 374 0.3436
207 379 0.1473
148 380 0.0491
285 380 0.5400
195 385 0.0491
256 385 0.3436
238 387 0.4418
290 389 0.1473
131 402 6.2341
56 406 0.0491
95 412 6.2341
71 413 2.9943
241 415 0.0491
274 415 0.0491
181 421 6.1359
111 426 6.1359
197 439 2.8962
70 445 6.0377
79 457 2.9943
167 458 6.0377
140 460 5.9396
54 475 3.0925
111 479 2.9943
110 491 0.0491
226 492 5.8414
