89 25 3.4852
124 33 6.1359
175 35 2.7980
155 44 2.8962
93 49 0.1473
138 52 2.9943
37 86 0.8345
118 99 3.4852
85 116 0.6381
218 118 5.7432
239 126 2.6016
63 127 4.2706
213 130 2.5035
4 147 1.4235
243 158 5.5469
144 177 3.3870
218 190 5.3505
50 199 4.7615
128 201 0.5400
158 221 5.2524
88 225 4.9578
243 238 2.3071
159 272 5.3505
58 278 4.9578
132 289 5.3505
78 299 5.1542
173 300 2.3071
255 302 2.6016
258 322 5.8414
249 324 2.6016
266 339 2.6016
185 342 2.6016
110 347 2.6998
129 359 2.6016
267 365 2.7980
222 369 2.6998
84 372 0.1473
208 378 2.6998
166 385 2.6016
247 393 2.9943
128 395 2.8962
226 396 2.9943
154 399 2.9943
172 408 2.9943
142 421 0.1473
