76 27 4.0743
101 29 0.7363
112 36 0.5400
141 43 0.0491
157 66 3.1907
46 71 4.3688
185 71 5.6450
129 80 0.3436
65 98 4.4670
182 99 2.6016
144 114 3.9761
160 119 3.6816
86 124 1.3254
97 124 1.0308
70 126 1.3254
153 138 4.5651
185 138 2.4053
102 141 0.9327
132 150 4.5651
125 153 4.0743
217 156 5.2524
41 162 4.8597
75 171 5.4487
190 178 5.2524
103 180 6.0377
173 181 5.3505
84 199 5.8414
205 203 2.2089
187 213 2.2089
62 215 5.5469
110 215 2.6998
155 216 2.4053
133 218 2.6016
67 226 2.3071
216 236 2.4053
53 245 2.6998
131 246 2.6998
174 251 2.5035
91 252 2.7980
137 261 2.6998
194 261 5.7432
97 272 2.9943
86 282 6.0377
108 286 2.9943
199 288 2.5035
194 297 2.7980
101 307 2.9943
73 316 6.2341
157 324 2.8962
