178 50 2.6998
163 64 2.9943
260 83 2.5035
223 100 5.7432
56 107 3.5834
195 119 5.9396
212 121 2.6998
196 131 2.6998
106 135 3.4852
169 156 2.8962
77 161 3.7797
41 170 0.7363
275 173 2.2089
192 176 5.7432
174 188 2.9943
123 196 3.7797
157 211 3.2889
61 228 4.1724
173 238 2.9943
165 248 4.1724
254 262 2.0126
235 266 2.1108
58 272 4.5651
148 279 4.9578
212 280 2.1108
284 297 2.2089
133 303 5.1542
90 304 4.8597
173 309 5.1542
191 317 5.3505
295 324 2.4053
338 332 2.4053
195 355 2.1108
124 360 5.2524
325 361 2.7980
124 376 2.1108
200 380 2.3071
194 386 2.4053
46 387 2.4053
312 392 3.0925
265 399 2.8962
74 404 2.5035
120 406 2.4053
159 416 2.4053
228 421 2.8962
133 428 2.6016
83 435 2.7980
258 435 3.0925
106 439 2.7980
167 439 2.6998
54 441 2.8962
138 442 2.7980
205 445 2.9943
185 452 2.9943
65 472 6.1359
127 472 2.9943
195 478 3.1907
233 509 0.0491
