142 46 0.1473
94 63 0.8345
146 68 6.1359
177 70 2.8962
210 72 5.5469
180 84 2.7980
67 88 3.9761
154 95 6.0377
52 97 0.8345
213 106 5.2524
126 110 3.8779
86 112 0.8345
133 121 0.2454
191 129 5.2524
102 130 0.8345
165 135 5.3505
81 147 4.1724
131 147 0.2454
25 160 1.0308
167 168 2.3071
251 172 2.0126
187 182 5.0560
148 183 3.3870
148 205 4.4670
192 217 4.7615
205 227 5.0560
204 249 4.4670
52 260 1.1290
149 266 4.1724
79 269 1.0308
40 284 0.8345
150 295 1.1290
205 299 0.4418
89 304 0.7363
185 306 0.8345
134 307 0.9327
61 321 0.7363
185 330 0.5400
157 332 0.7363
71 336 0.5400
139 355 0.5400
66 359 0.4418
160 364 0.4418
196 367 0.0491
92 372 0.4418
98 387 0.2454
137 403 0.1473
