239 19 0.1473
230 33 3.4852
167 39 0.4418
309 57 5.9396
274 61 3.1907
225 72 0.3436
81 81 3.8779
248 91 3.5834
282 98 6.1359
128 103 3.9761
356 107 2.6016
211 131 0.5400
161 136 4.1724
34 145 3.9761
192 147 3.9761
229 149 0.4418
169 150 0.9327
82 167 3.9761
174 169 0.9327
58 170 0.8345
363 170 2.4053
308 187 3.0925
210 199 3.9761
180 206 0.8345
72 229 4.0743
115 233 1.0308
181 238 0.9327
353 244 2.4053
264 258 0.7363
113 259 0.7363
29 261 3.7797
333 263 2.4053
42 265 0.8345
210 269 0.8345
90 281 0.6381
62 284 0.6381
28 286 0.7363
287 298 6.0377
136 301 0.5400
96 305 0.1473
73 306 0.3436
323 311 2.5035
313 322 2.6998
39 324 0.3436
149 330 0.4418
292 331 3.3870
263 346 0.4418
307 348 3.1907
98 356 0.0491
344 359 2.6998
219 360 0.5400
38 361 0.1473
279 362 0.2454
141 372 0.0491
181 384 0.1473
217 385 0.2454
373 390 2.8962
250 404 0.0491
181 412 0.0491
269 426 3.1907
235 429 6.2341
140 436 6.1359
286 442 3.1907
297 459 6.2341
132 464 3.0925
278 467 5.9396
85 479 2.9943
292 481 2.6016
