130 24 6.1359
145 31 5.7432
166 50 2.4053
138 51 2.7980
98 60 0.0491
124 65 5.8414
190 78 2.4053
162 94 5.4487
93 106 6.0377
193 119 2.3071
63 124 0.5400
115 137 5.3505
82 141 5.6450
48 148 0.5400
203 166 5.4487
121 171 5.0560
30 178 0.9327
98 180 2.0126
107 186 4.7615
158 195 5.1542
148 206 5.0560
10 211 1.1290
56 212 4.3688
126 222 4.5651
132 244 4.5651
142 244 4.8597
72 245 4.2706
157 247 5.1542
18 257 1.3254
151 268 4.6633
71 269 1.2272
86 272 4.1724
189 279 2.5035
60 299 0.9327
211 299 2.6998
128 301 0.9327
105 311 0.9327
141 327 0.5400
100 332 0.7363
217 332 3.0925
120 351 0.4418
84 359 0.5400
153 388 0.1473
136 411 0.0491
120 424 3.2889
178 435 3.1907
165 472 0.1473
