98 42 3.6816
150 56 6.0377
183 109 5.6450
162 121 5.6450
75 124 0.8345
56 141 4.2706
74 146 0.9327
206 185 5.2524
179 186 5.0560
189 190 5.1542
167 195 4.8597
122 201 4.3688
247 229 1.9144
144 232 1.4235
153 232 4.3688
111 234 1.2272
245 241 1.9144
218 243 5.1542
195 252 4.6633
211 255 4.8597
176 270 4.1724
162 278 3.9761
134 283 0.9327
104 290 0.9327
156 291 0.9327
163 304 0.8345
181 309 0.6381
45 312 0.8345
70 312 0.8345
100 313 0.5400
121 314 0.4418
189 316 0.3436
52 321 0.7363
60 329 0.5400
115 336 0.2454
192 337 0.1473
94 339 0.4418
133 372 0.1473
97 380 0.0491
187 380 0.0491
100 395 3.1907
155 408 0.1473
