473 93 0.1473
515 104 6.2341
430 106 0.3436
449 125 0.2454
400 141 0.3436
479 144 3.1907
454 145 0.1473
538 150 2.9943
510 158 6.1359
582 158 2.6998
384 167 0.4418
454 170 0.0491
521 184 2.8962
600 188 5.7432
377 205 0.4418
462 211 6.2341
504 216 2.9943
499 229 6.0377
567 247 5.7432
399 249 3.5834
498 264 2.8962
456 271 0.0491
387 279 0.5400
328 295 0.7363
507 315 5.6450
561 315 5.3505
605 330 5.2524
415 331 0.4418
377 334 0.7363
442 338 0.0491
440 355 6.1359
567 364 5.1542
328 367 1.1290
605 375 5.0560
562 394 4.9578
577 395 2.0126
432 403 4.2706
352 441 1.1290
436 445 4.1724
621 459 4.7615
633 462 4.8597
377 465 0.8345
462 478 4.1724
518 483 4.2706
451 512 3.7797
341 524 6.0377
465 531 0.8345
530 533 4.0743
393 535 0.3436
404 549 3.4852
373 557 0.1473
394 567 0.3436
591 572 1.0308
353 575 2.7980
