93 28 3.6816
103 42 0.4418
46 63 0.6381
55 65 3.8779
187 68 5.9396
91 83 0.5400
160 97 6.1359
129 103 0.3436
172 109 5.6450
156 115 5.8414
204 121 2.4053
91 122 0.7363
110 125 3.8779
208 127 5.2524
29 128 4.0743
183 129 2.4053
195 130 2.3071
119 136 0.4418
238 143 5.1542
121 164 0.5400
177 171 2.1108
157 181 2.4053
59 183 1.2272
173 184 4.6633
129 203 4.2706
226 213 4.7615
181 216 4.4670
168 226 1.4235
100 230 1.0308
141 244 4.0743
40 245 0.8345
66 254 0.6381
98 260 0.6381
42 266 0.4418
173 268 1.1290
116 278 0.5400
143 281 3.5834
53 284 0.1473
116 292 0.3436
24 299 0.0491
48 303 6.2341
208 313 0.6381
143 322 0.2454
69 326 6.1359
175 332 0.2454
146 351 0.0491
85 354 6.1359
95 372 3.0925
79 385 0.0491
