96 36 6.1359
166 48 2.6016
86 50 3.3870
80 75 3.5834
46 105 4.0743
58 107 0.6381
101 112 3.3870
170 113 2.3071
221 124 2.1108
81 139 0.4418
40 161 1.1290
104 162 3.4852
61 164 4.3688
213 178 5.1542
39 180 4.4670
212 192 2.0126
68 207 1.3254
103 218 4.6633
110 225 4.9578
55 228 4.6633
16 240 4.4670
200 248 2.0126
259 258 2.4053
39 280 4.5651
44 291 4.9578
207 307 2.5035
186 331 2.5035
74 333 2.5035
135 336 2.5035
104 340 2.4053
242 341 2.6998
91 344 2.6016
56 346 2.9943
180 347 2.6016
112 370 2.6016
175 382 2.7980
60 385 3.1907
142 386 2.7980
241 393 2.8962
153 397 3.0925
127 413 2.9943
177 428 2.9943
226 436 2.8962
206 439 3.1907
158 454 3.2889
201 465 0.1473
132 467 0.1473
110 468 0.0491
104 475 3.1907
142 481 6.2341
178 482 3.0925
