159 32 5.9396
181 45 2.6998
139 52 6.0377
40 79 0.9327
142 81 5.9396
124 86 3.7797
157 92 2.7980
116 98 3.9761
161 110 2.7980
179 117 2.5035
177 129 4.9578
104 131 4.4670
83 147 4.6633
133 154 4.6633
39 164 4.5651
96 164 1.6199
190 166 4.5651
65 170 4.8597
154 174 1.5217
49 191 5.0560
103 193 6.1359
235 197 4.7615
97 210 6.0377
159 224 4.2706
72 231 2.1108
193 240 4.2706
125 243 3.2889
158 261 4.1724
61 271 2.6016
107 311 2.9943
193 314 0.7363
117 316 0.2454
60 321 6.0377
152 324 0.5400
176 327 0.4418
125 331 0.0491
145 344 0.1473
58 350 2.7980
110 363 3.1907
58 397 3.1907
96 406 0.0491
