66 31 0.4418
130 77 6.1359
71 84 0.4418
46 99 3.8779
50 112 3.9761
215 138 5.5469
54 152 4.1724
207 182 5.1542
120 183 0.2454
243 194 5.0560
73 196 1.2272
79 210 4.3688
195 214 4.7615
99 219 4.3688
151 230 4.6633
119 231 4.3688
223 236 4.8597
96 256 1.3254
214 258 4.5651
228 262 4.7615
133 264 4.4670
240 270 5.0560
46 279 4.0743
186 283 4.3688
142 294 1.2272
111 314 1.2272
198 325 1.1290
227 342 0.8345
65 347 0.6381
170 357 1.0308
137 363 0.8345
91 370 0.4418
72 373 0.4418
200 373 0.7363
152 384 0.6381
228 389 0.4418
164 390 0.4418
125 391 0.4418
175 391 0.4418
116 404 3.4852
133 406 0.2454
189 410 0.3436
167 411 0.0491
194 431 3.1907
188 445 0.5400
