144 20 2.7980
118 34 3.1907
194 54 2.3071
76 70 0.5400
188 95 2.3071
84 109 0.4418
236 130 2.1108
102 140 0.0491
59 142 3.8779
149 163 5.2524
91 175 0.4418
102 181 6.0377
232 192 5.2524
23 197 0.9327
188 199 5.1542
221 200 2.1108
87 202 3.9761
157 202 4.9578
134 210 4.8597
42 211 4.2706
173 224 4.8597
38 229 1.1290
87 236 1.0308
125 239 4.5651
105 246 4.2706
83 252 4.1724
33 258 0.9327
193 258 4.7615
147 260 1.6199
189 275 4.8597
155 280 4.2706
172 285 4.3688
129 291 4.0743
179 301 4.5651
116 318 1.0308
47 320 0.7363
127 321 3.9761
66 329 0.7363
146 337 1.1290
127 352 0.8345
63 357 0.5400
106 381 0.5400
128 389 0.4418
124 400 0.1473
97 404 0.3436
