130 19 0.0491
183 39 5.7432
212 85 2.4053
107 88 0.3436
71 103 3.6816
196 104 5.3505
42 113 0.7363
171 115 5.4487
158 129 5.3505
242 133 5.1542
200 145 2.1108
89 160 0.4418
215 160 5.1542
184 162 5.0560
94 185 0.4418
158 185 4.8597
251 191 1.9144
206 197 1.9144
19 202 0.8345
177 204 4.8597
94 206 4.0743
194 218 4.7615
102 219 4.3688
187 229 1.7181
228 235 5.0560
152 238 4.4670
183 243 4.6633
189 263 4.8597
175 265 4.4670
126 278 4.2706
50 307 3.7797
173 323 0.6381
138 328 0.9327
67 341 0.7363
145 348 3.2889
89 355 3.2889
123 359 3.2889
38 363 0.4418
150 365 0.2454
132 375 0.2454
107 385 0.1473
88 388 0.4418
151 394 3.1907
127 403 0.0491
196 452 3.1907
167 463 6.2341
125 464 3.1907
177 469 3.0925
