168 52 2.6016
142 54 3.0925
136 67 5.9396
109 69 0.1473
65 105 0.8345
119 114 6.0377
32 117 0.9327
64 126 3.9761
23 138 3.9761
89 138 0.7363
153 143 5.4487
42 144 0.9327
118 147 5.7432
88 161 0.7363
116 169 5.5469
19 176 4.0743
167 181 5.1542
141 184 2.1108
151 191 4.9578
74 192 1.1290
198 197 5.2524
191 210 5.1542
47 212 4.2706
31 216 1.1290
108 218 4.4670
173 226 4.7615
185 248 4.6633
191 248 4.8597
126 250 4.3688
202 252 5.1542
199 272 4.7615
127 274 1.2272
32 278 1.0308
141 278 4.2706
75 288 0.9327
44 301 0.8345
117 305 1.0308
182 306 1.0308
61 308 0.6381
161 317 1.1290
81 329 0.3436
194 332 0.6381
59 336 0.3436
158 341 0.7363
98 361 0.4418
176 363 0.5400
135 367 0.4418
107 371 0.3436
107 382 3.2889
207 394 0.1473
103 397 0.2454
130 406 0.3436
189 417 0.0491
