348 87 2.6016
314 97 2.8962
399 115 5.4487
269 136 0.0491
310 136 5.8414
426 150 5.2524
248 152 3.6816
318 157 2.6998
343 157 2.5035
268 174 3.5834
326 186 2.6016
298 192 3.1907
402 204 4.7615
436 216 4.7615
332 221 2.6998
448 221 4.9578
316 226 3.2889
383 231 3.9761
245 235 4.2706
288 236 4.2706
254 244 4.4670
379 248 1.0308
330 251 3.5834
420 254 4.2706
340 255 6.2341
399 258 3.6816
243 268 4.3688
260 269 4.9578
352 273 6.2341
422 274 3.9761
303 281 1.6199
358 284 6.1359
381 297 0.2454
267 299 2.1108
334 315 2.4053
281 320 2.5035
401 320 0.3436
380 335 6.2341
334 341 2.6016
322 350 2.6016
434 356 0.3436
383 357 2.9943
417 368 0.2454
327 392 2.8962
342 416 3.0925
304 417 3.0925
256 420 3.0925
359 430 3.1907
288 433 3.2889
358 509 0.1473
302 510 3.2889
396 518 3.2889
408 536 3.3870
351 561 0.2454
387 568 3.5834
