150 17 3.1907
205 47 2.8962
145 66 0.0491
111 77 0.2454
140 77 3.2889
72 80 3.7797
184 92 2.9943
171 104 6.0377
62 111 3.9761
213 121 2.6016
128 123 3.7797
44 130 0.8345
242 134 5.3505
137 143 3.7797
254 157 2.2089
189 167 2.6016
168 170 3.3870
129 178 0.8345
188 185 5.3505
105 209 4.2706
39 210 4.2706
165 213 3.5834
183 231 5.1542
173 236 3.1907
64 245 4.3688
213 247 2.0126
12 259 1.1290
85 260 4.4670
251 261 5.1542
139 262 1.3254
265 269 2.0126
104 298 4.8597
182 313 2.0126
54 315 4.5651
137 319 1.9144
203 338 2.0126
28 345 4.3688
46 352 4.5651
169 360 5.5469
231 365 2.3071
48 375 5.1542
198 375 2.5035
131 378 2.3071
172 382 2.5035
112 388 2.4053
91 394 2.5035
224 397 2.6016
139 398 2.6016
64 402 2.6998
220 411 2.7980
166 412 2.7980
78 415 2.8962
107 417 5.9396
133 420 2.7980
91 421 2.9943
187 429 5.9396
88 436 3.1907
110 450 3.1907
166 465 2.9943
