371 121 5.7432
292 139 3.1907
396 152 2.5035
290 153 0.0491
328 155 2.8962
358 170 2.7980
252 172 3.6816
376 181 5.6450
312 202 3.1907
402 203 5.4487
358 204 2.6016
291 219 3.4852
295 224 3.6816
462 226 5.4487
306 228 3.6816
438 229 2.4053
384 251 2.4053
266 258 4.0743
319 270 3.7797
475 275 5.4487
459 279 5.1542
501 287 2.3071
394 302 2.3071
376 309 5.3505
452 313 5.2524
441 315 2.1108
333 316 5.2524
350 319 5.3505
226 326 4.7615
321 333 5.1542
293 335 5.0560
468 338 2.1108
451 342 2.3071
378 356 2.2089
481 356 2.2089
417 359 5.6450
198 369 4.8597
468 369 2.6998
509 370 2.4053
486 375 2.6016
447 380 2.6016
484 390 2.9943
506 391 2.8962
483 401 3.2889
520 402 3.0925
440 404 2.7980
448 415 3.1907
419 429 2.8962
217 443 2.2089
246 446 2.1108
438 448 3.2889
190 449 5.3505
385 466 2.8962
347 468 2.5035
214 469 2.3071
267 483 2.4053
368 483 2.8962
337 485 2.6998
233 490 2.4053
266 504 2.5035
304 504 2.6016
331 506 2.8962
441 513 3.3870
294 514 2.7980
254 517 2.6998
341 532 3.1907
271 542 3.0925
291 546 3.2889
418 547 0.2454
239 555 2.8962
310 562 3.4852
398 562 3.3870
279 580 3.5834
378 580 0.1473
349 586 3.4852
