148 26 5.9396
190 41 2.6016
119 60 3.4852
51 69 0.8345
200 71 5.3505
158 88 5.5469
93 93 0.6381
148 107 2.7980
199 111 2.1108
107 116 0.3436
131 130 5.6450
97 144 0.4418
258 150 1.9144
218 161 5.0560
141 171 4.9578
77 187 1.1290
133 187 4.7615
161 190 5.1542
81 192 4.2706
109 194 4.3688
147 212 4.9578
126 218 4.4670
141 228 4.8597
213 234 2.1108
139 239 4.4670
151 243 5.2524
221 258 2.3071
173 260 2.3071
200 261 2.3071
176 277 2.6998
29 279 3.9761
61 281 1.0308
121 287 0.8345
42 288 1.0308
204 288 2.6016
164 291 3.2889
135 296 0.4418
19 300 0.9327
85 300 0.8345
37 313 0.7363
159 313 0.0491
184 314 2.9943
229 320 2.8962
87 323 0.6381
102 339 0.3436
79 353 0.2454
224 353 3.1907
49 354 0.3436
61 366 3.4852
219 383 3.4852
203 388 3.6816
169 400 3.5834
189 403 3.6816
