130 61 6.0377
168 69 5.8414
120 80 3.0925
141 84 5.9396
181 85 2.6016
95 100 3.4852
102 118 6.1359
117 131 3.0925
198 142 5.3505
235 143 5.1542
54 146 3.8779
141 153 2.7980
212 160 2.2089
251 175 2.0126
73 176 3.9761
148 177 2.6016
236 195 2.1108
124 202 3.7797
190 206 2.3071
33 220 0.8345
49 226 3.7797
186 237 2.4053
46 240 0.6381
70 241 0.4418
28 243 0.7363
106 244 2.7980
79 247 6.2341
197 254 2.4053
184 271 2.6998
129 274 2.7980
212 276 2.6016
34 277 0.2454
68 280 3.1907
155 294 2.9943
207 295 2.8962
76 300 6.2341
32 322 3.1907
80 358 6.2341
110 363 3.0925
77 388 3.1907
88 396 3.4852
137 402 3.1907
126 414 3.3870
