151 54 6.2341
68 66 0.9327
154 67 3.2889
129 78 0.3436
163 108 5.9396
207 127 2.5035
129 132 0.5400
107 159 4.1724
169 166 3.1907
36 175 1.1290
164 195 3.9761
92 199 1.1290
151 218 4.3688
147 246 4.3688
46 258 1.0308
152 259 4.7615
163 263 5.2524
144 270 4.3688
174 281 2.1108
70 294 0.8345
124 295 1.0308
158 302 2.4053
129 306 0.3436
107 315 0.6381
210 322 2.6016
79 325 0.6381
216 338 2.9943
188 350 2.8962
87 357 0.3436
51 358 0.3436
158 361 3.0925
119 367 0.1473
49 379 0.0491
201 383 3.1907
64 393 6.2341
187 403 0.2454
