193 40 6.1359
141 69 3.5834
51 85 0.8345
198 87 2.9943
114 92 0.5400
167 98 6.2341
138 133 3.6816
158 134 6.1359
41 140 1.0308
17 151 4.2706
179 177 3.0925
43 184 4.3688
135 184 4.1724
73 189 4.3688
230 195 2.3071
236 196 5.2524
157 201 4.0743
187 205 2.9943
251 218 2.1108
190 220 2.9943
166 221 0.2454
185 231 3.7797
239 235 5.1542
161 270 4.8597
31 278 1.1290
140 285 4.8597
266 285 2.1108
91 306 4.5651
256 309 2.1108
236 314 2.2089
165 321 5.1542
106 334 4.7615
244 338 2.5035
229 347 5.8414
92 375 4.6633
227 375 2.7980
221 387 2.9943
118 397 2.1108
148 406 2.4053
208 408 3.0925
123 409 2.6016
174 411 2.7980
180 421 0.0491
145 422 2.7980
131 423 2.9943
220 424 3.1907
187 431 2.9943
107 439 0.1473
151 439 3.1907
184 474 0.1473
