302 221 5.6450
275 239 2.6998
258 256 2.8962
211 261 3.5834
122 275 4.1724
125 290 1.0308
115 325 4.4670
160 370 4.8597
140 407 4.9578
166 407 1.8162
310 413 1.7181
107 433 1.8162
260 438 2.0126
317 439 1.4235
381 452 1.1290
313 463 1.2272
276 464 2.1108
391 464 0.9327
387 473 0.8345
95 474 2.2089
322 482 0.7363
347 486 0.7363
326 491 0.4418
305 492 3.2889
175 493 2.4053
129 494 2.4053
386 495 0.5400
178 506 2.5035
261 506 2.7980
105 508 2.6016
310 510 0.2454
362 512 0.3436
212 518 2.6016
204 522 2.7980
155 527 2.6998
284 539 3.1907
236 558 3.0925
154 562 2.8962
215 574 3.0925
318 614 0.1473
