346 56 3.8779
364 58 0.6381
481 71 0.2454
328 103 3.9761
326 121 0.8345
488 125 0.0491
393 145 3.6816
509 174 3.1907
325 176 3.8779
409 196 3.9761
321 205 0.8345
405 206 0.8345
351 207 4.1724
450 209 0.4418
321 211 4.0743
336 217 4.1724
283 250 4.1724
426 251 0.8345
442 254 0.6381
562 258 2.6016
315 268 4.4670
399 268 1.0308
536 270 5.7432
466 275 0.3436
433 278 0.6381
378 281 5.6450
450 283 3.6816
299 285 4.4670
337 287 4.7615
467 294 0.0491
447 301 0.5400
261 306 1.4235
281 306 4.4670
364 306 5.7432
509 307 5.6450
440 310 3.6816
311 318 1.5217
360 321 5.7432
339 325 5.2524
505 329 5.5469
445 336 0.4418
369 342 2.4053
568 345 2.3071
501 346 5.3505
480 348 5.1542
550 357 2.4053
316 362 5.5469
532 365 2.4053
496 366 4.4670
417 368 3.4852
306 370 5.4487
566 370 2.6998
552 384 2.9943
341 390 2.6998
495 390 0.8345
357 397 3.0925
473 397 0.7363
395 416 3.0925
328 427 3.1907
469 438 0.2454
440 439 0.3436
331 444 3.1907
446 445 0.1473
411 464 6.2341
461 472 6.1359
421 479 2.8962
371 480 6.2341
455 509 5.9396
517 521 2.9943
