441 207 0.4592
521 217 0.0665
471 227 3.6008
534 235 6.0552
462 243 0.4592
542 289 5.8588
473 310 0.3611
423 318 3.8953
528 319 5.7607
445 327 0.4592
475 328 0.1647
397 344 0.8519
489 345 6.0552
383 349 1.0483
451 357 0.2629
503 362 5.6625
357 366 4.1899
434 376 0.4592
408 381 0.7538
460 391 6.1534
497 393 5.3680
420 395 0.4592
557 395 5.2698
458 397 5.7607
627 406 5.2698
440 416 5.9570
428 426 6.0552
407 428 0.8519
585 428 5.0734
320 431 4.3862
476 439 5.0734
351 440 4.5826
490 440 5.0734
457 446 4.9753
441 449 4.6807
411 454 0.6556
389 457 1.0483
418 458 3.9935
591 458 1.9319
371 465 1.2446
511 466 4.8771
493 467 1.8337
358 472 1.4410
429 472 4.0917
488 473 4.6807
287 479 4.0917
347 483 1.2446
369 490 0.8519
595 490 4.9753
616 497 4.9753
343 498 1.0483
394 498 3.7972
428 500 4.2880
327 509 1.1465
582 511 4.7789
607 511 1.8337
344 517 0.6556
435 519 4.0917
370 530 0.6556
339 531 0.4592
472 531 4.2880
534 544 4.3862
614 549 4.7789
423 550 3.9935
317 552 0.8519
375 555 3.5026
623 555 4.9753
325 569 0.5574
403 572 0.8519
597 578 4.4844
379 587 3.6008
341 591 0.3611
293 595 0.3611
390 605 0.4592
357 606 0.3611
285 608 0.1647
426 616 0.5574
435 618 3.6008
367 625 0.2629
430 635 0.4592
576 640 0.9501
531 643 0.9501
396 645 0.2629
589 651 0.8519
362 652 0.0665
540 654 0.6556
457 662 0.4592
484 667 0.5574
367 670 6.1534
