169 65 5.8414
60 66 3.5834
117 81 6.1359
34 91 0.6381
168 93 2.6998
99 95 3.4852
232 96 2.4053
44 105 0.5400
115 115 6.0377
43 135 3.9761
125 148 3.0925
148 149 5.5469
213 162 5.3505
32 164 0.8345
171 189 2.3071
149 194 5.5469
133 197 2.7980
245 207 2.3071
50 212 0.9327
72 214 3.9761
143 217 2.6016
133 228 2.9943
267 239 2.2089
212 242 2.4053
187 254 5.6450
39 260 0.8345
86 268 0.5400
88 274 6.1359
229 284 2.6016
53 291 0.6381
65 293 0.3436
132 294 2.6998
219 294 2.6016
26 299 0.7363
213 305 2.6998
181 312 2.6998
86 321 3.1907
139 324 6.0377
43 325 0.1473
161 326 2.8962
216 330 2.8962
71 336 3.2889
152 350 2.9943
48 366 0.1473
92 417 3.1907
185 429 3.1907
122 442 0.0491
129 445 3.1907
