193 32 5.7432
148 61 3.0925
90 66 0.3436
139 91 6.0377
35 108 1.0308
148 111 5.7432
78 129 4.0743
173 136 2.4053
67 146 0.9327
168 149 5.3505
231 165 2.0126
132 180 5.3505
111 185 6.1359
87 186 0.8345
234 204 4.9578
98 206 0.1473
206 215 1.9144
51 222 1.0308
229 227 1.9144
74 229 4.0743
129 230 4.5651
140 234 4.8597
146 248 5.0560
128 262 4.3688
134 262 4.7615
105 264 3.9761
22 283 0.8345
140 283 4.9578
194 292 2.0126
160 301 2.5035
188 307 2.3071
117 309 0.7363
97 313 0.7363
174 325 2.4053
86 330 0.5400
116 334 0.0491
139 339 2.9943
188 341 2.5035
35 342 0.4418
86 345 0.1473
224 348 2.6998
25 359 0.3436
181 359 5.8414
109 363 3.1907
217 364 2.7980
88 371 0.1473
175 371 2.8962
63 375 0.1473
195 376 2.8962
171 412 3.2889
88 425 6.2341
131 434 0.1473
