74 41 0.8345
99 58 0.6381
46 87 0.8345
157 101 3.3870
100 138 0.6381
68 165 4.0743
6 166 1.0308
116 167 3.9761
149 186 3.8779
199 189 5.5469
78 210 1.0308
122 216 0.9327
213 217 2.4053
233 218 2.3071
126 234 4.2706
198 248 2.4053
114 257 1.1290
12 259 1.0308
139 259 4.4670
79 280 4.1724
157 282 5.0560
132 285 4.1724
98 295 1.1290
172 314 2.1108
84 320 0.9327
27 325 0.9327
54 334 0.8345
124 335 6.2341
80 336 0.7363
167 337 2.5035
152 348 2.7980
190 348 2.4053
116 353 0.0491
30 355 0.5400
76 359 0.4418
140 376 3.0925
90 379 0.1473
126 387 6.2341
63 391 0.2454
107 405 3.1907
66 410 0.0491
171 411 2.8962
132 449 6.2341
123 459 2.9943
54 470 0.0491
93 472 3.1907
