200 47 2.7980
182 53 5.9396
114 63 3.5834
154 82 3.2889
82 89 0.7363
182 89 5.9396
114 107 0.5400
211 125 5.6450
231 130 2.5035
261 131 2.3071
91 138 0.7363
149 160 6.1359
267 175 5.0560
98 189 0.9327
146 205 5.8414
116 209 0.8345
117 225 4.2706
274 234 5.0560
217 238 4.7615
205 243 4.7615
285 251 1.9144
125 256 4.4670
177 260 4.5651
81 270 4.4670
152 271 4.4670
241 280 4.7615
47 281 4.2706
80 296 1.3254
148 297 1.3254
128 301 4.2706
98 305 1.1290
207 311 4.4670
177 312 1.2272
28 313 1.1290
197 321 4.3688
225 321 4.6633
142 324 1.1290
151 326 4.1724
251 331 5.0560
130 335 4.0743
78 345 1.0308
36 351 0.9327
188 357 1.3254
52 360 0.8345
234 360 4.1724
108 365 3.8779
82 372 0.8345
212 372 1.1290
110 376 1.0308
64 390 0.6381
214 390 0.7363
228 390 0.5400
147 398 0.9327
88 401 0.6381
128 407 0.6381
164 408 0.8345
189 408 0.7363
176 409 0.8345
201 426 0.3436
68 429 0.3436
117 432 0.4418
149 433 0.2454
173 434 0.2454
130 438 0.2454
86 441 0.3436
170 441 3.2889
