140 9 3.4852
114 21 0.5400
197 43 6.0377
177 44 3.4852
106 65 0.7363
145 76 0.5400
88 77 4.0743
241 93 2.6016
62 94 0.9327
247 110 5.3505
77 111 1.0308
255 126 2.2089
159 150 0.6381
124 158 0.9327
241 172 2.2089
215 211 2.6998
182 218 6.2341
165 223 0.6381
131 232 1.1290
204 244 2.7980
169 268 0.3436
212 276 5.2524
30 301 1.0308
231 304 2.2089
187 316 3.4852
267 320 2.4053
93 322 0.9327
227 330 2.5035
49 333 0.8345
151 337 0.8345
218 337 2.6016
158 346 0.6381
258 349 2.4053
239 360 2.6998
89 361 0.7363
212 361 3.1907
180 366 0.2454
53 373 0.6381
101 379 0.5400
250 381 2.7980
66 393 0.5400
32 404 0.5400
91 409 0.4418
151 431 0.2454
115 432 0.4418
214 441 3.1907
81 456 0.1473
124 456 0.0491
105 459 0.1473
99 482 3.1907
