178 29 2.6016
102 34 3.1907
187 36 5.5469
212 38 2.4053
186 45 2.5035
100 61 3.2889
193 65 2.4053
145 70 5.7432
187 93 2.4053
85 110 0.4418
207 111 5.5469
163 113 2.5035
192 117 2.4053
52 132 3.9761
57 135 0.8345
145 136 2.6016
238 157 2.2089
55 163 4.1724
115 163 3.4852
135 187 2.7980
73 190 4.2706
131 208 3.1907
135 223 5.2524
126 229 4.7615
204 229 2.1108
86 230 4.4670
174 240 5.1542
87 262 4.7615
171 263 2.1108
10 271 1.0308
74 272 4.3688
244 273 2.4053
190 276 2.1108
81 288 5.0560
189 291 5.5469
76 293 4.1724
212 307 2.5035
50 318 0.7363
94 319 2.1108
62 329 6.1359
204 329 2.6016
24 331 0.5400
114 343 2.3071
19 351 0.4418
168 352 2.6016
196 353 2.7980
144 365 2.4053
125 366 2.4053
108 377 2.6998
183 384 2.9943
143 385 2.8962
41 388 3.4852
25 399 0.2454
176 400 6.2341
160 408 3.0925
130 412 6.1359
110 419 2.9943
192 423 3.0925
78 429 0.0491
128 432 2.9943
183 435 3.1907
126 446 3.1907
