110 31 0.0491
177 33 2.7980
190 105 5.1542
93 139 1.2272
190 146 4.7615
164 152 4.6633
203 153 4.8597
151 161 4.2706
72 162 1.4235
44 167 4.8597
87 172 5.2524
121 189 3.4852
50 190 1.9144
140 195 3.9761
225 196 4.9578
89 205 2.2089
63 207 5.4487
185 207 4.5651
76 211 5.8414
32 212 5.4487
175 220 4.3688
98 223 2.9943
78 224 2.3071
67 227 6.0377
211 227 4.6633
61 228 2.3071
150 230 3.9761
180 232 1.3254
198 232 4.2706
25 243 2.4053
109 243 3.2889
148 245 3.9761
215 245 4.5651
82 247 2.7980
68 259 2.8962
114 273 0.6381
188 283 0.8345
75 292 3.2889
44 299 2.8962
58 301 0.2454
125 302 0.5400
132 310 0.4418
180 315 0.5400
81 330 3.1907
114 331 0.0491
54 333 3.1907
64 354 0.1473
138 364 0.0491
127 385 3.0925
