77 22 0.6381
123 65 0.1473
77 84 0.8345
123 98 0.1473
54 107 3.9761
165 110 2.7980
180 111 5.5469
136 123 6.1359
36 125 0.9327
110 134 3.8779
118 147 0.2454
71 148 0.9327
163 148 5.5469
88 155 0.8345
231 160 2.3071
150 161 5.3505
69 169 4.1724
116 175 0.3436
11 178 0.9327
154 192 2.4053
175 205 5.0560
137 207 3.4852
237 220 5.3505
137 230 4.5651
182 240 4.7615
195 246 5.0560
199 268 4.5651
46 283 1.1290
143 289 4.2706
74 293 1.0308
235 294 2.6016
201 299 1.0308
34 306 0.8345
236 315 3.1907
199 317 0.5400
145 318 1.1290
178 322 0.9327
85 327 0.7363
131 330 0.9327
57 339 0.6381
183 348 0.5400
154 353 0.8345
68 359 0.5400
137 376 0.5400
63 381 0.3436
158 384 0.5400
195 384 0.2454
88 394 0.3436
98 408 0.2454
138 422 0.2454
