499 284 4.0459
489 300 0.9043
429 305 4.0459
509 305 0.7079
374 307 4.1440
522 318 0.5116
549 332 0.0207
391 334 4.2422
507 337 3.9477
639 380 4.8313
410 400 4.4386
481 405 4.5367
399 432 1.4933
530 432 1.4933
522 433 4.6349
532 445 1.2970
423 448 1.4933
569 454 4.2422
517 458 1.4933
382 461 4.9294
529 471 1.1988
466 486 1.6897
553 498 1.0024
530 500 1.1988
492 513 1.6897
359 528 2.0824
662 529 1.0024
447 534 2.2787
379 540 2.1805
504 547 0.2170
458 551 2.5732
448 564 2.6714
400 565 2.4751
474 569 2.8678
548 570 0.4134
629 570 0.6097
606 576 0.6097
396 578 2.6714
559 578 0.4134
425 580 2.8678
625 595 0.2170
456 600 0.0207
443 607 3.0641
548 607 6.2057
453 618 6.0094
481 625 2.8678
496 637 3.1623
559 637 6.2057
447 682 0.0207
459 723 2.9659
