395 106 0.4418
312 113 0.7363
350 114 0.6381
415 122 3.4852
435 122 0.2454
389 131 0.3436
315 136 0.7363
325 148 0.5400
436 161 6.2341
381 164 0.3436
405 168 0.1473
393 184 0.0491
434 191 3.0925
315 195 0.5400
264 207 0.6381
386 222 0.0491
408 225 3.1907
407 231 6.0377
442 232 2.8962
279 243 3.8779
421 247 2.8962
250 249 3.6816
442 260 5.8414
425 264 5.9396
283 269 0.8345
422 276 5.8414
364 278 0.4418
401 292 5.8414
482 293 2.4053
368 295 0.2454
446 309 5.4487
284 316 4.0743
228 319 3.9761
406 321 5.2524
376 328 5.8414
425 328 5.0560
329 334 0.8345
443 343 5.1542
427 345 1.9144
417 349 4.7615
439 363 4.8597
288 368 1.0308
353 368 3.8779
380 374 4.0743
298 379 0.9327
462 379 5.0560
473 396 5.1542
329 397 0.8345
456 399 4.6633
494 400 5.3505
385 402 3.9761
262 409 1.0308
276 410 0.8345
494 413 2.1108
241 415 0.9327
512 421 2.3071
422 422 3.9761
223 435 0.4418
284 439 0.6381
334 445 0.6381
259 447 0.5400
485 447 2.9943
498 449 2.6016
383 451 0.8345
249 463 0.2454
506 466 2.8962
454 469 0.4418
482 472 3.3870
296 475 0.3436
421 476 0.7363
397 481 0.6381
299 482 3.4852
284 494 0.4418
347 500 0.4418
406 501 0.2454
295 504 0.1473
272 518 0.0491
348 520 0.2454
382 530 0.2454
299 535 3.1907
353 536 0.0491
414 537 0.1473
406 544 6.2341
443 547 0.0491
323 565 6.2341
281 573 6.2341
333 581 3.0925
