96 30 3.5834
96 41 0.2454
56 52 3.8779
79 60 3.7797
183 62 5.7432
63 66 0.6381
196 75 2.6016
174 83 5.9396
192 102 2.6998
71 111 3.9761
118 112 3.6816
148 116 6.1359
235 121 2.4053
76 149 0.8345
23 154 0.9327
90 168 3.9761
110 189 4.1724
198 189 2.5035
21 192 1.1290
81 201 4.2706
152 217 3.7797
167 227 3.0925
102 237 4.4670
128 238 1.0308
64 241 1.2272
179 241 2.6998
56 267 4.3688
90 279 4.6633
111 284 4.8597
160 290 5.1542
192 298 5.3505
89 312 4.9578
83 324 4.4670
184 327 2.2089
92 338 5.1542
130 345 2.1108
122 357 2.4053
235 357 2.6016
104 370 2.7980
152 370 2.4053
89 384 6.0377
199 386 2.6016
109 390 2.7980
145 391 2.5035
136 405 2.7980
183 405 2.6998
142 430 3.0925
171 435 2.8962
174 461 6.2341
103 472 0.0491
117 478 3.1907
