118 23 3.6816
120 37 0.4418
179 42 5.9396
81 48 0.6381
127 67 3.6816
197 79 5.8414
57 82 3.8779
37 94 0.8345
90 99 0.8345
146 126 6.2341
70 135 0.8345
175 150 5.6450
96 174 1.0308
146 209 5.5469
112 220 0.8345
91 227 1.0308
120 231 0.6381
149 233 2.7980
125 236 0.2454
119 252 0.3436
208 258 2.1108
244 259 2.1108
155 273 4.5651
122 277 4.2706
165 281 4.9578
207 294 2.4053
175 301 3.4852
161 309 0.8345
143 313 1.1290
197 320 2.8962
223 322 2.6016
59 345 0.7363
99 359 0.8345
137 361 0.8345
60 373 0.4418
116 375 0.5400
141 390 0.4418
121 412 0.2454
44 413 0.3436
189 425 0.0491
118 433 0.0491
155 445 3.1907
204 461 3.1907
85 466 3.1907
160 487 3.3870
