176 45 5.6450
64 50 0.3436
193 52 2.5035
57 70 3.9761
117 75 3.1907
211 96 2.2089
105 98 6.2341
126 118 3.0925
156 126 2.3071
58 137 1.1290
153 158 2.3071
120 159 4.1724
104 164 0.8345
151 177 2.2089
107 184 1.2272
129 201 5.0560
217 202 5.0560
211 206 2.0126
157 234 2.0126
224 261 2.3071
190 278 2.3071
166 283 2.4053
50 284 2.1108
101 301 2.4053
139 309 2.6998
175 313 2.8962
43 315 2.5035
72 326 2.6016
139 337 3.0925
198 337 2.9943
36 343 2.8962
126 346 6.2341
175 369 3.0925
85 373 2.8962
142 396 2.9943
198 400 3.1907
156 402 0.0491
140 415 3.2889
128 447 0.0491
