67 61 0.7363
203 64 5.4487
148 72 2.9943
124 89 6.1359
86 102 0.6381
209 124 5.1542
23 131 1.1290
79 137 0.8345
173 142 4.9578
115 153 3.6816
190 161 4.9578
119 171 4.6633
84 174 1.1290
186 176 1.8162
108 177 4.3688
89 180 1.0308
224 197 5.0560
209 209 4.7615
190 247 4.3688
244 248 4.8597
53 258 0.8345
180 279 1.1290
47 290 0.4418
218 295 0.8345
195 296 0.8345
83 301 0.4418
160 307 0.5400
169 313 3.5834
97 320 0.2454
157 327 0.6381
65 331 0.1473
178 332 0.5400
201 332 0.4418
114 341 0.1473
229 345 0.2454
171 360 0.2454
70 375 3.0925
167 375 3.3870
119 408 0.1473
171 415 0.4418
