121 21 0.1473
151 32 5.9396
88 35 3.7797
116 62 3.5834
96 82 4.0743
87 86 0.8345
49 91 4.2706
102 93 0.6381
66 130 4.7615
36 138 4.4670
184 142 5.3505
27 143 1.3254
16 153 1.6199
223 159 2.3071
39 163 4.6633
59 167 4.9578
117 174 2.1108
94 178 5.1542
201 199 2.3071
62 211 5.0560
57 225 4.7615
92 225 2.4053
172 226 2.6016
72 234 5.6450
131 235 2.6998
195 242 2.5035
100 263 2.7980
131 275 2.9943
175 275 2.6998
154 279 2.7980
209 315 2.8962
146 320 3.0925
159 325 3.0925
124 333 0.0491
147 337 3.1907
174 339 3.2889
118 354 0.1473
