379 128 2.6016
362 140 2.8962
455 166 2.5035
419 178 5.7432
391 195 5.8414
409 198 2.6998
305 208 3.4852
391 212 2.6016
363 231 2.8962
274 236 3.7797
236 245 0.7363
386 251 5.7432
469 251 2.2089
369 263 2.8962
317 270 3.8779
349 283 3.3870
520 289 5.2524
258 304 4.1724
371 306 2.8962
359 322 4.2706
409 336 5.3505
446 339 2.0126
427 341 2.1108
248 348 4.6633
343 349 4.8597
423 349 2.2089
404 354 2.1108
328 376 4.9578
474 376 2.1108
286 380 4.8597
362 387 5.1542
382 391 5.3505
485 406 2.3071
527 416 2.4053
389 433 2.2089
317 435 5.1542
516 447 2.6998
394 454 2.3071
318 455 2.1108
410 462 2.6016
242 469 2.4053
504 477 3.0925
459 478 2.8962
269 487 2.4053
315 488 2.3071
353 497 2.4053
417 505 2.7980
327 512 2.6016
525 518 3.1907
448 520 3.1907
278 521 2.6998
247 523 2.6998
300 525 2.6998
359 525 2.6016
331 528 2.6998
396 533 2.8962
376 539 2.8962
258 555 6.0377
320 559 2.8962
386 568 3.0925
