118 31 2.9943
194 34 5.8414
57 53 0.3436
76 53 3.3870
117 95 3.2889
151 102 2.9943
175 104 5.7432
238 124 5.3505
125 150 3.4852
65 151 0.7363
148 154 5.7432
82 160 4.0743
117 166 3.7797
80 169 0.8345
143 173 3.1907
121 196 0.3436
136 197 3.5834
78 198 4.2706
188 199 2.0126
111 212 4.4670
23 214 4.3688
51 223 4.2706
66 246 4.6633
23 265 1.3254
158 276 2.2089
219 293 2.2089
174 312 2.4053
55 330 5.5469
78 332 2.3071
192 333 2.6016
153 335 2.6998
77 353 2.5035
119 355 2.8962
154 358 2.8962
61 385 2.6016
115 389 3.0925
136 391 6.2341
162 407 6.1359
