64 49 3.2889
122 64 5.6450
198 83 2.4053
89 84 2.8962
35 88 0.4418
120 105 5.3505
78 107 5.6450
106 112 2.5035
77 115 3.1907
102 120 5.2524
102 126 2.4053
178 127 5.3505
93 133 2.6998
61 151 1.4235
108 162 4.6633
222 177 2.1108
143 182 4.9578
86 184 1.4235
127 186 4.4670
138 193 4.6633
86 203 1.0308
159 207 5.0560
118 211 3.4852
158 221 4.6633
85 237 6.0377
68 239 5.4487
116 247 3.0925
129 250 0.6381
89 253 6.1359
192 262 2.7980
84 274 2.6016
95 277 6.0377
63 278 2.5035
193 278 3.1907
110 291 2.8962
136 293 0.1473
71 318 2.6998
149 338 3.1907
213 353 3.1907
180 367 3.2889
159 371 0.2454
195 377 3.3870
167 404 0.1473
