472 174 0.6970
504 203 0.5006
387 210 0.7951
459 213 0.6970
462 236 3.8386
408 239 0.6970
541 252 3.4459
542 263 0.1079
465 268 0.5988
576 273 3.1513
432 274 3.8386
529 293 3.5440
503 295 0.5006
523 323 0.4024
554 340 3.4459
572 341 6.0966
463 344 0.6970
534 360 0.3043
649 362 5.7039
618 371 2.5623
456 374 4.0349
386 380 3.9367
513 384 3.9367
540 388 0.2061
569 388 5.9002
486 402 0.9915
433 414 1.0897
507 419 0.9915
547 419 6.1947
638 422 5.4094
512 431 0.7951
550 431 5.7039
626 449 5.2130
593 451 5.1148
563 452 4.7221
438 456 1.0897
582 476 4.6240
618 477 5.0167
666 478 5.6057
602 479 4.9185
602 497 4.6240
347 515 0.5006
613 529 4.5258
620 533 4.9185
418 537 3.9367
443 544 1.0897
402 564 0.7951
585 569 0.9915
505 573 3.9367
440 584 0.6970
512 586 0.9915
461 588 0.6970
601 588 0.5988
474 597 0.5988
580 598 0.6970
556 599 0.7951
400 606 0.3043
435 613 0.3043
511 613 0.5988
487 614 0.3043
564 620 0.4024
521 623 0.4024
471 633 0.1079
522 635 0.1079
566 645 0.2061
536 648 6.1947
