392 242 3.2321
323 252 3.5266
335 261 0.2868
290 266 0.4832
454 298 3.0357
369 299 3.6248
485 330 3.0357
323 340 0.5813
361 342 0.3850
404 350 0.1886
524 353 2.9375
467 363 6.0791
413 365 3.4284
347 382 3.7229
485 383 2.9375
404 396 3.6248
305 402 3.9193
321 408 0.7777
281 412 0.7777
435 432 3.6248
261 449 4.1156
504 458 2.5448
396 462 4.3120
585 468 2.1521
272 478 1.1704
550 482 2.2503
427 494 1.2686
284 495 4.4102
593 501 2.0540
346 510 4.7047
398 511 4.6065
378 521 1.4649
286 548 4.7047
584 560 1.7594
268 569 4.8029
560 570 2.3485
288 590 1.7594
591 591 1.1704
564 611 3.2321
260 616 4.9010
401 629 5.3919
466 641 5.8828
568 650 0.4832
420 653 2.4467
412 657 5.6864
521 658 2.9375
534 661 3.3302
491 667 2.9375
469 668 6.1773
424 672 2.4467
461 672 2.6430
356 673 5.5883
395 681 5.7846
383 696 2.5448
426 698 2.7412
