152 59 2.5035
120 65 5.7432
200 95 2.2089
142 98 2.5035
88 109 3.8779
75 121 3.9761
124 151 2.8962
18 166 1.2272
120 173 3.6816
169 173 2.1108
45 174 4.2706
197 178 2.0126
91 181 4.3688
60 194 4.4670
71 207 4.7615
205 230 5.3505
87 234 1.7181
42 236 4.7615
147 277 2.2089
75 282 2.2089
135 284 5.4487
87 285 2.1108
223 285 2.4053
57 293 2.6016
124 296 2.3071
28 300 6.1359
147 317 2.5035
194 317 2.6016
55 318 2.6998
112 320 2.6016
86 322 2.5035
217 344 2.7980
75 347 2.7980
151 353 2.7980
49 361 3.0925
97 373 2.8962
183 373 2.8962
143 381 2.8962
62 383 3.1907
75 431 6.1359
142 436 3.0925
