66 63 3.7797
93 68 3.7797
221 80 2.4053
154 83 3.1907
193 85 5.5469
109 90 0.4418
215 100 2.4053
111 152 0.7363
148 167 5.6450
234 181 5.1542
190 182 5.0560
178 185 4.9578
74 187 4.1724
151 194 2.9943
167 205 4.8597
47 221 1.0308
72 221 1.1290
217 225 4.9578
225 226 1.9144
176 254 4.5651
192 281 4.7615
27 283 1.0308
202 299 4.9578
184 306 4.4670
38 318 0.8345
76 322 0.7363
194 330 1.4235
176 331 1.1290
57 334 0.5400
88 334 0.6381
18 336 0.8345
158 336 0.8345
125 358 0.4418
69 364 0.3436
23 371 0.5400
118 374 0.2454
145 379 0.4418
160 397 0.2454
35 400 0.3436
109 401 0.0491
56 436 0.0491
