161 20 2.9943
135 24 6.2341
201 43 5.7432
223 54 2.6016
65 79 0.7363
34 99 3.9761
73 107 3.8779
109 114 0.1473
215 116 2.4053
50 126 0.8345
114 133 3.5834
219 134 5.3505
126 136 5.9396
12 141 1.4235
243 141 5.3505
139 156 3.0925
165 158 2.4053
31 170 4.4670
119 171 3.8779
188 172 5.1542
122 193 4.1724
263 198 2.1108
146 200 3.2889
77 210 4.7615
54 215 4.5651
135 216 4.8597
128 228 4.9578
81 232 1.6199
85 239 4.8597
171 248 2.0126
178 266 1.9144
62 271 4.8597
226 278 5.2524
184 288 2.3071
34 298 4.6633
138 298 5.3505
210 299 2.0126
235 300 2.1108
217 320 2.3071
54 327 4.7615
197 328 2.4053
58 346 5.2524
44 349 4.4670
267 355 2.7980
221 359 2.6016
206 360 2.7980
151 362 2.4053
88 363 2.3071
183 372 2.7980
113 377 2.5035
82 378 2.6016
131 384 2.3071
219 390 2.8962
247 398 2.8962
167 399 2.8962
101 400 2.8962
139 404 2.7980
210 435 2.9943
139 446 3.2889
215 449 3.1907
