144 36 5.9396
169 39 5.6450
170 49 2.6016
102 64 3.3870
61 67 0.5400
93 92 3.5834
67 100 0.5400
98 101 0.1473
165 103 5.5469
119 120 6.0377
151 127 2.6016
119 131 3.2889
138 147 5.4487
204 148 2.1108
89 155 0.4418
14 159 1.0308
118 159 5.7432
141 167 2.5035
94 189 0.1473
135 192 5.1542
28 203 1.1290
184 205 5.0560
255 225 1.9144
208 234 5.0560
114 241 2.4053
258 249 1.9144
46 252 4.3688
137 255 4.7615
168 259 4.8597
7 260 1.3254
185 262 4.9578
230 275 1.9144
29 277 1.1290
70 282 1.1290
121 288 4.4670
198 326 4.8597
27 348 0.9327
220 367 2.4053
65 374 0.6381
102 374 0.6381
166 375 0.9327
145 377 0.9327
218 379 2.9943
125 384 0.6381
180 384 0.4418
153 390 0.4418
82 396 0.3436
239 397 2.7980
158 401 0.1473
127 402 0.2454
123 419 3.2889
127 429 0.1473
84 433 0.2454
121 444 3.2889
