175 51 2.6016
53 57 0.8345
47 83 4.2706
115 84 0.4418
183 89 5.2524
104 93 4.4670
173 96 5.0560
61 117 4.4670
220 137 4.7615
97 138 1.3254
103 141 1.1290
90 151 4.9578
210 155 4.6633
132 157 3.9761
65 170 4.9578
111 174 2.5035
209 178 1.5217
79 179 5.3505
192 180 4.5651
38 184 4.7615
141 201 3.8779
153 201 4.2706
207 202 4.4670
107 203 3.5834
214 213 1.4235
125 237 3.5834
198 238 1.2272
214 252 1.1290
81 253 3.0925
167 254 3.8779
137 272 0.7363
192 282 0.8345
152 285 0.6381
86 291 0.1473
54 295 0.1473
199 308 0.7363
116 315 0.3436
170 359 0.4418
98 366 0.1473
160 374 3.1907
132 381 3.2889
