236 120 3.1319
374 144 2.8373
339 170 5.9789
303 171 3.0337
273 181 6.1753
348 214 2.7392
249 217 3.2300
430 222 2.6410
259 228 6.2734
279 231 3.0337
171 241 4.0154
180 261 0.7757
412 261 5.5862
394 272 5.5862
362 287 2.4446
415 288 2.2483
210 292 3.9173
313 296 3.0337
239 304 3.8191
472 313 5.3899
356 317 2.4446
293 322 3.3282
357 323 5.4880
242 324 0.4811
257 331 3.8191
355 334 2.5428
292 342 3.5246
228 349 4.3100
141 350 1.1684
232 363 1.0702
453 378 4.9972
135 392 4.6045
464 408 2.1501
407 437 1.9538
405 444 5.3899
307 456 5.2917
450 470 2.3465
428 472 2.3465
146 479 5.0954
345 479 5.2917
326 485 2.1501
120 486 4.8008
335 489 5.5862
307 493 5.3899
224 504 5.1935
372 504 2.3465
257 505 5.3899
213 523 2.0519
462 523 2.8373
330 539 2.4446
446 544 2.9355
375 549 2.8373
256 555 2.4446
179 559 2.3465
206 560 2.3465
289 561 2.4446
426 566 3.0337
234 571 2.3465
385 574 6.1753
336 580 2.6410
418 593 3.0337
268 594 2.6410
360 598 2.9355
258 603 2.6410
352 608 2.9355
302 609 2.8373
396 612 3.0337
