428 97 4.0219
576 105 3.5310
515 113 0.4876
427 120 0.8803
617 130 3.2365
568 141 0.3895
434 160 3.9237
582 161 3.6292
619 166 6.2799
471 183 4.1201
548 199 0.5858
499 215 4.2183
564 218 0.4876
401 222 4.0219
379 224 3.9237
508 224 0.9785
703 232 2.4511
644 249 3.1383
377 251 0.8803
431 251 4.2183
412 252 0.9785
548 269 4.0219
522 279 0.9785
695 307 2.3529
524 312 1.0767
464 313 1.1749
421 321 4.1201
605 324 0.7822
676 327 2.3529
554 340 0.9785
463 342 0.9785
387 346 3.7274
363 354 0.5858
401 359 0.9785
630 366 6.1818
442 367 0.7822
418 372 0.7822
383 374 0.7822
670 377 2.5493
487 383 0.6840
660 388 2.7456
450 391 0.3895
427 394 0.4876
640 399 3.4329
393 412 0.2913
501 412 0.5858
657 416 3.3347
611 418 0.5858
697 427 2.6475
630 433 0.3895
567 438 0.6840
453 443 6.2799
394 451 0.1931
497 456 0.1931
537 464 0.1931
570 465 0.3895
602 481 0.1931
535 496 0.0949
623 504 3.1383
589 509 6.2799
495 522 6.2799
529 533 5.9854
487 553 3.1383
466 572 0.0949
