176 61 6.1359
98 81 3.7797
137 83 3.6816
171 86 6.0377
38 98 0.8345
109 121 0.7363
35 122 4.1724
156 162 0.0491
85 173 1.2272
105 194 1.0308
190 198 2.6998
175 207 3.5834
220 214 2.4053
189 217 3.3870
68 229 4.0743
121 232 0.9327
155 237 0.8345
226 242 2.7980
64 249 0.9327
42 250 0.7363
164 262 0.5400
102 272 0.8345
197 272 3.3870
67 280 0.5400
173 281 0.4418
111 286 0.5400
186 290 0.2454
121 296 0.2454
69 303 0.4418
169 320 0.0491
70 323 0.3436
169 353 0.0491
132 356 3.3870
121 364 0.2454
86 367 0.0491
103 376 3.1907
146 383 3.2889
96 396 0.1473
