110 21 0.2454
148 45 3.0925
68 64 3.8779
30 72 0.7363
147 75 6.1359
212 84 5.6450
86 87 3.5834
189 91 2.6998
70 92 0.5400
6 123 1.0308
47 126 4.0743
146 126 5.8414
254 129 2.4053
31 130 0.9327
129 130 3.5834
179 136 2.6016
245 149 5.4487
8 154 1.2272
134 154 3.8779
74 160 4.2706
46 168 1.1290
8 174 1.3254
74 176 4.5651
110 185 1.1290
79 206 4.7615
148 226 5.4487
59 233 4.4670
231 236 5.5469
237 254 2.4053
107 278 2.4053
138 289 2.5035
101 300 2.9943
210 300 2.7980
165 305 2.6016
59 314 0.4418
134 319 2.7980
229 322 2.8962
167 335 2.7980
115 356 3.1907
141 369 3.1907
174 389 6.2341
101 392 0.2454
