166 39 5.8414
188 53 2.5035
139 79 5.9396
137 90 5.6450
182 95 5.2524
53 122 1.0308
118 125 5.6450
190 133 4.9578
179 159 4.6633
198 163 4.7615
71 170 4.3688
98 179 1.1290
80 184 1.2272
167 186 4.4670
230 190 1.8162
113 197 3.9761
26 199 1.3254
193 199 4.7615
62 212 1.0308
158 216 4.1724
35 226 0.9327
128 234 3.9761
175 238 4.1724
47 240 0.8345
138 245 0.8345
57 264 0.6381
142 269 0.7363
112 273 0.8345
71 277 0.5400
100 287 0.4418
64 305 0.0491
165 334 0.0491
120 337 0.0491
102 340 0.1473
124 351 3.1907
53 355 0.0491
148 363 6.1359
162 386 2.9943
70 400 3.0925
97 405 0.1473
