170 12 5.7432
171 31 2.6998
216 36 2.4053
158 47 5.7432
83 66 3.4852
213 75 2.3071
58 81 0.5400
205 82 5.3505
237 99 5.1542
222 108 2.1108
261 112 1.9144
189 123 2.2089
248 129 2.0126
59 145 0.6381
131 155 2.8962
247 159 5.0560
73 160 0.5400
134 164 5.3505
226 170 1.9144
119 171 5.3505
191 176 2.0126
212 176 4.9578
259 181 1.9144
90 195 0.1473
68 200 0.9327
242 215 4.9578
89 224 5.7432
32 227 4.1724
231 258 1.8162
187 268 4.9578
92 272 4.2706
108 282 4.4670
140 285 4.6633
167 296 4.7615
122 304 4.5651
42 312 1.0308
185 332 5.0560
165 358 4.7615
90 365 0.9327
50 371 0.4418
89 381 0.6381
110 387 0.6381
137 387 1.0308
151 394 0.6381
39 397 0.1473
207 399 2.4053
163 403 0.0491
93 404 0.1473
135 412 0.1473
89 441 3.0925
107 441 0.1473
100 466 6.2341
93 472 2.9943
154 475 3.0925
