134 16 3.6816
229 42 5.6450
245 84 2.5035
166 94 6.2341
49 109 0.8345
59 110 3.9761
229 115 5.3505
120 117 0.6381
163 124 3.4852
139 138 0.4418
108 140 0.7363
81 143 4.2706
68 147 1.0308
38 148 4.1724
158 152 6.0377
85 156 1.1290
163 168 3.1907
253 169 2.0126
140 174 0.4418
214 178 5.1542
177 191 5.0560
29 197 1.1290
98 207 1.1290
27 225 4.2706
259 228 4.7615
136 263 4.1724
181 263 4.4670
239 271 4.5651
203 272 4.4670
156 284 4.2706
83 296 4.0743
54 297 0.9327
236 322 4.4670
58 356 0.8345
173 359 1.0308
95 366 0.8345
123 368 0.8345
207 369 1.0308
106 376 0.7363
61 379 0.7363
167 381 0.8345
88 386 0.5400
135 392 0.6381
109 409 0.4418
126 419 0.3436
