159 23 5.9396
124 35 0.0491
136 46 6.1359
132 51 5.9396
198 61 2.5035
255 61 2.4053
124 69 5.8414
190 75 2.6016
115 85 3.2889
214 87 5.5469
104 99 3.6816
259 133 5.2524
146 143 2.7980
55 171 4.2706
129 176 3.3870
129 189 3.8779
132 208 4.8597
97 211 4.4670
116 213 4.6633
233 229 5.0560
44 238 4.5651
205 247 1.9144
22 282 4.6633
35 283 5.0560
127 295 2.0126
177 305 2.1108
64 321 2.1108
101 325 2.2089
160 333 2.4053
208 339 2.6016
59 342 2.3071
121 344 2.4053
61 357 2.4053
158 360 6.0377
79 362 2.5035
191 370 2.7980
51 382 2.6016
189 388 2.9943
114 396 2.6016
136 397 2.7980
159 404 3.0925
134 418 3.0925
136 430 0.0491
