359 268 2.7173
395 281 2.6191
292 294 2.8154
273 317 2.9136
371 322 2.7173
316 327 5.9570
256 331 3.1099
429 340 2.7173
331 343 2.8154
292 345 6.0552
355 373 5.9570
380 380 2.7173
308 387 3.2081
319 399 3.2081
274 405 0.1647
297 408 3.3063
482 417 5.8588
257 426 0.4592
387 432 2.7173
477 432 2.7173
310 434 0.0665
419 448 5.7607
382 456 2.8154
270 463 3.6990
349 497 3.1099
292 509 0.5574
413 510 2.6191
391 523 5.6625
353 524 3.1099
311 530 3.7972
437 530 5.4661
456 530 2.4227
275 550 4.1899
356 568 3.2081
262 570 1.0483
429 575 2.4227
458 586 2.3246
379 595 2.6191
296 601 4.2880
310 601 4.6807
518 615 2.7173
297 616 4.5826
359 621 5.3680
301 639 5.1716
310 656 2.0300
408 658 2.7173
338 669 2.2264
462 671 2.7173
515 672 3.2081
364 673 2.4227
276 681 0.8519
444 686 2.9136
416 689 3.0118
330 693 2.5209
232 701 0.4592
265 706 0.4592
405 713 3.2081
364 716 2.8154
244 724 0.3611
343 731 3.0118
256 735 0.0665
373 735 3.2081
303 739 3.1099
418 740 3.3063
408 747 0.1647
