145 34 2.8962
105 74 6.2341
43 89 1.0308
160 91 5.3505
150 95 2.6016
103 99 3.7797
80 102 4.0743
114 102 5.9396
42 109 4.3688
85 111 0.7363
132 120 2.7980
128 124 3.3870
88 128 4.3688
68 134 1.0308
101 141 0.9327
171 149 5.0560
200 173 4.9578
83 184 4.9578
122 189 1.7181
167 190 4.6633
131 200 1.5217
51 203 4.9578
140 208 1.3254
41 209 4.8597
239 210 5.0560
251 211 5.1542
110 218 2.1108
160 222 4.2706
59 232 1.8162
35 234 4.9578
254 234 2.0126
24 236 4.7615
231 236 4.9578
155 243 4.1724
224 248 4.7615
190 250 4.2706
217 250 4.4670
139 257 0.7363
78 269 5.4487
33 280 5.0560
140 283 3.2889
208 291 1.1290
40 302 2.0126
110 307 0.0491
66 309 2.3071
218 314 0.7363
92 333 2.6998
99 341 2.8962
163 354 0.3436
205 376 3.3870
137 385 0.0491
213 411 0.3436
164 413 3.1907
