164 29 3.0925
117 61 0.4418
126 73 3.7797
79 92 0.8345
215 103 5.3505
225 124 2.2089
149 126 6.0377
164 135 2.9943
49 137 0.8345
106 143 0.8345
78 163 3.9761
136 166 0.2454
238 180 2.1108
39 199 0.9327
141 201 5.6450
121 212 0.4418
68 221 1.0308
130 221 5.6450
82 254 4.1724
157 258 4.7615
151 272 4.5651
168 280 5.0560
163 294 5.1542
109 302 3.9761
175 303 2.2089
211 317 2.6016
28 321 0.8345
97 323 0.9327
143 325 0.9327
138 344 0.4418
112 349 0.8345
43 350 0.6381
210 350 2.6998
81 354 0.8345
79 371 0.5400
215 376 2.9943
91 381 0.5400
110 382 0.3436
36 389 0.2454
43 397 0.0491
103 406 0.1473
187 414 3.2889
157 419 0.1473
