193 34 5.5469
155 35 3.1907
121 36 0.1473
131 55 0.0491
71 73 3.8779
137 73 6.1359
203 90 2.3071
220 98 2.0126
223 105 5.0560
136 108 6.0377
232 117 2.0126
160 122 5.2524
117 136 6.2341
194 143 1.9144
177 145 2.1108
98 152 0.5400
221 154 4.8597
190 164 1.8162
247 165 1.8162
184 171 4.7615
147 180 4.4670
168 183 4.6633
204 184 4.9578
57 197 1.1290
191 199 4.6633
101 211 4.1724
163 219 4.5651
107 223 4.1724
203 247 4.5651
140 256 4.2706
72 264 1.0308
160 272 4.3688
67 275 4.1724
41 282 1.0308
101 282 4.0743
117 282 4.1724
60 294 1.0308
196 300 1.4235
166 302 1.3254
121 325 4.1724
110 326 1.0308
88 330 1.0308
116 342 1.1290
70 351 0.8345
108 358 0.8345
133 364 0.6381
119 368 0.3436
100 375 0.3436
