123 4 5.9396
158 16 2.6016
148 20 2.6998
127 34 2.9943
91 45 0.1473
58 51 0.5400
107 69 3.3870
148 74 2.7980
53 92 0.6381
212 96 2.4053
201 110 5.5469
172 125 2.4053
146 136 2.6998
34 146 3.7797
44 158 0.7363
147 171 5.3505
47 186 3.9761
189 189 5.2524
89 191 0.5400
104 199 6.1359
181 206 5.0560
175 231 4.9578
65 234 4.2706
181 261 4.6633
75 264 1.0308
200 264 4.9578
131 270 4.1724
60 271 1.0308
213 271 5.1542
45 277 1.0308
192 277 4.6633
94 295 3.6816
162 299 4.0743
58 302 0.5400
22 308 0.5400
205 309 4.1724
48 323 0.3436
127 324 0.8345
172 339 0.7363
78 340 0.4418
132 353 0.5400
71 357 0.3436
84 365 0.2454
159 373 0.4418
138 376 0.5400
17 377 0.2454
124 389 3.3870
96 392 0.1473
79 396 3.1907
127 404 0.3436
160 416 3.3870
41 423 0.3436
