354 294 0.5225
424 306 0.2280
437 321 3.3696
376 323 0.5225
409 335 0.4243
278 352 0.5225
329 354 0.5225
291 364 3.5659
384 368 0.3262
349 373 3.5659
411 395 0.0316
424 407 6.2167
459 413 2.8787
310 429 0.6207
243 432 3.7623
370 437 0.4243
243 468 0.8170
375 484 0.3262
432 495 6.1185
477 501 2.6824
437 507 3.0751
386 530 0.2280
469 544 2.6824
367 581 0.5225
403 613 5.9221
372 626 0.5225
347 630 0.7189
479 630 2.5842
380 635 0.1298
421 635 5.1367
203 638 0.4243
321 645 3.7623
510 650 2.6824
231 657 0.3262
451 657 3.1732
488 658 2.9769
294 662 0.6207
369 665 3.6641
495 672 3.0751
286 680 0.5225
524 688 2.9769
225 694 0.0316
321 694 0.5225
370 694 0.7189
387 698 0.6207
269 702 0.2280
397 709 0.5225
514 715 3.1732
350 719 0.3262
258 720 0.0316
393 726 0.2280
429 727 0.1298
267 731 0.0316
313 732 0.1298
351 732 0.2280
