318 242 3.3412
454 283 2.6540
292 291 3.5375
362 317 3.3412
406 323 2.7521
372 328 3.3412
280 331 3.8321
387 340 3.3412
525 341 5.5010
504 350 5.3047
337 360 0.4941
355 364 4.1266
250 366 4.2248
367 368 4.2248
494 377 5.1083
474 387 4.8138
336 388 4.7156
360 389 1.3777
521 389 5.2065
308 391 4.6175
426 393 2.6540
291 413 4.9120
393 413 5.4029
505 424 4.5193
272 427 4.9120
475 428 3.7339
253 432 4.6175
310 433 1.9667
550 433 5.0102
401 437 5.8937
331 439 5.4029
521 449 4.4211
441 452 3.1448
462 452 3.3412
266 454 5.2065
540 457 4.5193
357 462 2.3594
393 469 2.6540
503 475 3.8321
418 480 0.0032
317 481 2.3594
472 481 3.3412
295 482 2.4576
537 485 1.1813
276 487 2.5558
487 487 0.4941
511 491 0.8868
405 497 3.0467
325 507 2.8503
380 525 2.9485
386 534 0.0032
361 544 3.1448
330 547 3.0467
422 550 3.1448
512 554 0.1014
412 585 3.2430
517 608 3.2430
390 635 0.5923
387 646 0.3959
451 661 3.2430
