96 35 3.6816
146 46 0.0491
182 59 5.8414
174 62 2.9943
78 63 3.9761
115 71 0.4418
97 74 0.8345
144 80 6.1359
156 105 3.0925
49 106 4.2706
186 111 5.5469
125 115 0.2454
61 133 4.3688
179 139 2.4053
138 149 3.8779
64 156 1.2272
155 156 3.4852
78 159 1.2272
88 159 1.0308
216 170 5.2524
147 174 4.4670
93 175 0.9327
181 180 2.2089
125 183 4.4670
117 186 3.9761
72 193 5.4487
93 193 0.7363
214 195 5.2524
36 198 4.7615
67 206 5.4487
92 208 0.2454
184 216 5.2524
91 217 5.9396
165 217 5.2524
75 228 5.7432
201 244 2.3071
102 250 2.6998
54 251 5.5469
179 252 2.2089
146 253 2.3071
125 254 2.6016
215 276 2.5035
127 282 2.6998
86 291 2.7980
167 291 2.5035
190 299 5.7432
131 301 2.6998
92 313 2.8962
103 326 2.9943
98 348 2.8962
