107 25 0.6381
83 36 3.9761
61 41 0.8345
71 77 1.0308
156 80 3.6816
82 95 0.9327
146 100 0.5400
198 111 5.6450
45 124 0.9327
62 124 4.0743
149 127 3.7797
135 131 0.5400
228 136 2.4053
98 151 0.9327
49 154 1.0308
119 162 4.1724
138 165 0.7363
161 168 6.2341
88 177 4.1724
98 197 1.1290
163 197 5.8414
132 217 1.0308
188 221 5.1542
135 223 4.1724
156 231 5.7432
181 251 5.0560
156 259 4.4670
34 260 0.9327
85 265 1.1290
202 266 5.0560
77 269 4.0743
71 285 1.0308
164 288 4.4670
186 289 4.7615
199 308 4.9578
65 330 3.9761
240 344 2.6016
71 346 0.9327
44 352 0.8345
177 352 1.0308
118 360 0.8345
138 372 0.7363
250 374 2.8962
175 379 0.6381
42 382 0.4418
71 388 0.5400
113 397 0.5400
93 399 0.4418
137 407 0.3436
164 418 0.3436
109 431 0.0491
