390 225 0.4418
427 228 3.1907
383 246 3.3870
399 255 0.0491
291 258 0.9327
331 266 3.7797
283 281 3.9761
257 285 3.7797
296 296 0.8345
315 301 0.8345
232 303 3.9761
326 314 0.5400
395 318 0.1473
285 320 3.9761
320 338 0.4418
399 344 3.3870
207 348 0.8345
189 356 3.8779
346 359 0.4418
440 362 5.8414
369 363 0.2454
266 374 0.9327
405 379 6.1359
295 394 0.8345
377 396 0.1473
190 403 3.9761
331 403 3.9761
477 407 5.4487
395 409 5.8414
370 429 5.5469
467 430 5.1542
385 433 5.3505
492 433 2.2089
185 446 4.1724
358 449 3.6816
321 453 6.2341
233 455 4.2706
365 457 3.9761
420 461 4.7615
436 461 4.7615
450 471 4.7615
378 474 4.2706
465 474 4.9578
236 480 4.8597
352 481 3.5834
183 484 4.5651
406 489 4.2706
419 489 1.5217
356 495 3.7797
466 495 4.8597
447 505 4.3688
196 508 5.2524
217 520 5.5469
456 523 4.2706
218 527 2.2089
178 540 2.3071
377 544 3.5834
322 545 3.3870
449 549 1.0308
350 557 0.4418
427 576 0.6381
443 581 0.4418
356 589 0.3436
244 594 2.8962
343 596 0.2454
386 598 0.3436
430 603 0.4418
316 609 6.1359
428 609 3.2889
392 615 0.3436
403 615 0.3436
353 630 0.0491
372 644 0.0491
241 654 6.1359
278 656 3.0925
