376 131 2.7980
457 161 2.6016
326 164 3.1907
339 171 3.2889
447 173 2.6998
293 183 0.3436
329 186 0.1473
376 188 3.0925
317 189 3.4852
446 194 2.7980
382 213 3.0925
429 215 5.8414
442 227 2.6998
422 231 5.9396
363 244 3.3870
430 270 2.7980
256 289 1.0308
411 295 3.0925
262 302 0.9327
502 302 5.6450
517 306 2.6016
377 313 3.6816
324 331 3.9761
438 333 2.6998
407 337 3.5834
472 337 5.3505
294 338 0.8345
507 338 5.4487
344 341 4.1724
373 341 4.1724
502 355 5.1542
270 366 4.0743
341 373 4.4670
469 376 4.6633
321 377 4.3688
396 383 5.0560
487 383 4.8597
283 386 4.2706
448 398 1.4235
344 401 4.7615
517 401 4.8597
478 419 3.9761
342 424 5.0560
314 426 4.3688
320 426 4.5651
260 431 1.0308
390 441 2.2089
330 444 5.1542
396 445 5.8414
452 446 3.1907
325 451 4.7615
300 455 1.1290
528 459 3.9761
472 473 3.4852
359 481 2.4053
393 488 2.6998
344 494 2.6016
307 497 0.1473
301 498 0.8345
517 519 0.7363
438 537 3.1907
391 543 2.8962
288 546 0.0491
395 548 0.0491
390 559 3.0925
455 562 3.2889
482 573 0.2454
500 588 3.3870
431 602 0.2454
400 604 3.1907
