413 188 2.8962
400 210 6.0377
364 228 3.3870
393 242 6.1359
315 249 3.5834
349 265 0.1473
467 285 2.6998
317 295 3.7797
398 301 3.1907
441 313 2.7980
478 313 5.6450
310 319 3.9761
399 321 3.4852
358 328 3.9761
459 329 5.4487
531 330 5.5469
401 336 3.6816
395 343 4.0743
367 358 4.3688
488 360 5.3505
335 361 4.2706
311 364 4.1724
436 368 2.6998
415 371 5.7432
390 376 5.1542
466 378 4.7615
271 380 1.1290
476 380 5.0560
354 381 4.6633
408 381 5.5469
525 382 5.2524
345 383 4.6633
321 384 4.3688
490 397 4.9578
459 400 3.2889
463 405 3.8779
284 406 4.3688
385 414 5.5469
336 415 4.7615
496 415 4.7615
525 425 4.8597
481 427 4.0743
537 430 4.9578
329 432 4.6633
456 436 3.2889
509 437 4.3688
416 438 2.6016
337 442 5.2524
390 445 5.8414
308 451 4.3688
290 453 1.3254
440 453 2.9943
529 455 1.5217
443 459 0.3436
383 462 2.5035
415 462 2.7980
362 470 2.6998
302 473 1.2272
443 479 3.0925
453 482 0.3436
329 489 0.4418
302 494 1.0308
442 497 3.2889
324 506 0.4418
311 508 0.8345
368 508 2.9943
384 513 3.0925
360 516 6.2341
303 528 0.6381
497 530 0.5400
319 531 0.2454
449 539 3.2889
519 540 0.3436
313 553 0.1473
479 556 0.3436
415 557 0.0491
370 562 3.1907
437 562 3.0925
402 572 3.2889
454 579 3.2889
