188 28 3.2889
59 34 0.7363
200 38 6.0377
222 74 5.8414
90 78 4.1724
201 96 6.0377
228 104 2.7980
94 110 1.0308
260 151 5.3505
224 190 2.6998
142 205 1.1290
279 205 5.1542
223 216 2.8962
257 241 4.9578
89 243 1.4235
202 248 4.6633
278 256 5.0560
256 257 4.8597
249 266 4.4670
215 276 1.5217
217 290 1.0308
233 296 0.8345
255 302 0.9327
302 307 2.1108
122 313 4.1724
218 316 0.8345
265 317 6.0377
127 318 1.1290
102 327 1.1290
268 327 3.1907
240 331 0.2454
285 331 2.9943
200 337 0.8345
115 342 0.9327
231 349 0.0491
59 350 0.6381
164 350 0.8345
183 352 0.8345
145 354 0.8345
214 357 0.1473
191 364 0.5400
119 367 0.6381
91 369 0.7363
196 373 0.0491
159 378 0.2454
184 378 6.2341
131 381 0.4418
140 398 0.2454
90 409 0.2454
111 422 0.0491
161 422 6.0377
