327 97 0.2519
372 104 6.2406
302 141 0.2519
310 145 3.4917
289 164 0.3501
324 179 3.2953
277 185 3.5899
408 192 5.7497
325 213 0.0556
369 231 2.8045
314 236 0.1538
359 246 5.8479
304 247 3.5899
335 248 5.9461
425 256 5.6515
230 267 3.9826
291 272 0.4483
453 279 2.4118
437 280 5.4552
309 288 6.0442
374 294 5.4552
338 299 5.4552
267 304 0.8410
358 312 5.2588
231 313 1.0373
266 322 0.6446
274 325 0.4483
301 329 5.1607
319 329 5.0625
392 336 5.2588
230 342 0.9392
460 342 2.1172
377 356 5.1607
195 360 1.2337
271 365 4.0807
371 373 4.8661
434 379 5.0625
356 381 4.5716
304 387 4.1789
269 392 0.9392
214 396 0.9392
400 398 4.7680
407 400 4.8661
447 412 1.9209
305 415 4.0807
354 416 4.1789
314 420 1.2337
356 420 1.2337
315 432 3.8844
285 439 0.9392
442 439 2.5099
462 444 2.4118
313 447 3.7862
426 447 3.5899
396 454 0.8410
329 455 0.9392
450 458 2.9026
235 461 0.2519
407 463 0.4483
447 463 3.2953
264 470 0.5465
278 476 0.4483
354 478 0.6446
451 487 3.2953
244 488 0.1538
413 488 0.3501
345 499 0.6446
267 505 0.1538
315 511 0.3501
362 516 0.3501
340 519 0.3501
289 523 0.0556
408 525 0.1538
