114 6 3.4852
83 20 3.9761
74 44 0.8345
175 50 3.2889
118 66 3.9761
78 78 0.8345
211 84 5.8414
110 106 0.8345
198 120 5.7432
85 127 4.1724
36 128 4.1724
235 150 2.4053
42 158 4.1724
47 159 1.1290
85 168 1.1290
223 189 2.6016
33 201 1.0308
138 202 4.1724
203 203 3.1907
70 204 4.0743
51 211 0.8345
72 216 1.1290
212 231 3.2889
229 232 2.7980
185 236 0.6381
110 245 1.0308
75 250 1.0308
56 264 0.9327
110 269 0.8345
117 276 0.6381
193 281 0.2454
158 288 0.5400
55 291 0.5400
118 293 0.5400
61 301 3.5834
119 304 0.4418
78 323 0.5400
120 343 0.3436
118 400 3.2889
