104 47 3.0925
137 48 2.4053
125 60 5.2524
163 68 5.1542
176 69 2.1108
125 74 2.4053
74 83 4.2706
50 85 4.3688
181 86 5.0560
205 96 5.0560
115 112 1.9144
149 113 4.7615
216 117 1.9144
83 120 5.0560
138 139 4.4670
72 146 5.2524
153 151 4.6633
176 158 4.7615
43 160 5.0560
123 161 3.0925
57 169 5.2524
140 181 4.2706
152 187 4.3688
114 204 2.8962
48 213 2.3071
84 214 2.6016
160 218 4.1724
200 222 4.6633
125 225 3.4852
211 227 4.7615
106 228 3.0925
71 229 2.6998
181 233 4.2706
57 244 2.9943
91 249 3.0925
209 256 4.5651
175 257 3.9761
124 269 3.5834
92 270 3.3870
163 277 0.8345
69 288 0.3436
117 291 0.5400
155 295 0.5400
179 305 0.4418
155 317 0.3436
100 321 0.3436
139 335 3.4852
185 335 0.0491
