167 33 3.1907
109 34 0.6381
183 58 5.8414
147 62 0.1473
64 64 4.1724
117 66 0.7363
219 90 5.2524
37 93 4.2706
142 95 0.1473
44 103 1.1290
38 120 4.2706
142 123 6.0377
94 136 1.1290
30 137 1.1290
125 140 0.6381
66 143 1.2272
107 143 1.0308
132 149 6.1359
231 151 4.8597
144 175 4.3688
154 181 4.4670
130 182 4.2706
198 185 4.7615
99 186 1.1290
189 201 4.5651
123 205 1.2272
27 208 4.3688
100 211 4.5651
162 215 4.2706
59 221 1.2272
138 242 1.1290
157 254 4.2706
92 258 1.1290
104 273 1.0308
232 286 1.3254
28 287 1.0308
58 299 3.9761
112 307 0.9327
46 316 0.9327
70 317 0.8345
184 317 1.0308
102 324 0.6381
216 329 0.8345
146 343 0.7363
113 345 0.4418
168 351 0.8345
187 354 0.6381
79 356 0.4418
204 356 0.4418
173 369 0.4418
52 370 0.3436
126 383 0.2454
