79 36 0.7363
172 43 5.6450
122 59 6.1359
166 62 2.6016
101 67 3.9761
103 80 0.4418
142 92 3.0925
171 121 5.4487
148 123 2.9943
47 133 4.1724
93 140 4.2706
51 156 4.2706
203 171 5.2524
153 174 5.2524
91 185 4.7615
50 187 4.4670
166 195 1.9144
114 198 5.0560
186 200 4.9578
173 207 1.8162
158 210 2.1108
136 215 5.5469
135 226 5.4487
52 242 4.9578
152 245 2.3071
183 245 2.6998
92 249 5.1542
188 263 2.9943
209 264 2.8962
149 265 5.9396
56 273 5.1542
90 284 5.5469
73 288 2.0126
163 290 2.6998
104 292 2.4053
171 317 2.8962
88 319 2.4053
155 332 6.1359
142 339 2.6998
200 339 0.3436
161 349 2.9943
188 362 3.1907
