380 50 0.5400
437 52 0.4418
498 80 5.9396
480 81 6.0377
453 94 0.0491
474 107 3.1907
456 122 0.0491
489 123 2.9943
415 143 0.4418
474 143 3.2889
327 156 0.7363
443 166 0.3436
413 177 3.6816
530 196 5.5469
515 198 5.3505
447 204 0.0491
483 208 5.6450
430 220 0.2454
266 230 4.1724
444 230 5.8414
511 242 5.1542
374 245 4.3688
451 254 4.5651
421 255 1.0308
499 258 4.8597
314 261 4.3688
571 270 5.0560
454 277 4.1724
262 279 4.3688
360 283 4.7615
387 283 5.1542
464 287 4.2706
487 294 4.4670
518 296 4.6633
427 297 3.3870
297 298 4.6633
467 315 4.2706
408 319 2.6998
566 319 4.9578
515 333 4.5651
556 346 4.7615
269 350 4.7615
370 350 5.7432
540 354 4.4670
283 355 5.0560
396 355 2.8962
567 380 4.7615
414 381 3.3870
295 391 2.1108
489 411 0.9327
325 413 2.4053
529 414 0.9327
393 420 3.0925
320 424 2.6016
503 439 0.7363
435 446 0.5400
527 446 0.6381
304 457 2.7980
516 461 0.4418
492 474 0.5400
416 475 0.2454
467 476 0.3436
338 480 2.8962
443 484 0.1473
526 488 0.2454
356 493 6.2341
374 494 3.0925
463 517 0.0491
431 524 3.0925
422 528 6.1359
