96 20 0.6381
104 37 3.6816
145 37 6.0377
80 54 0.6381
184 54 2.6998
97 67 0.5400
165 70 5.7432
135 75 6.0377
139 94 3.1907
41 97 1.0308
166 97 2.6998
207 105 2.4053
91 114 4.0743
64 116 0.9327
120 120 0.0491
52 121 4.1724
6 130 1.1290
31 142 1.0308
159 169 2.6016
180 172 5.3505
109 195 4.5651
209 199 5.1542
79 202 4.5651
180 203 4.9578
9 205 1.2272
61 218 4.3688
31 226 1.1290
79 227 4.5651
152 232 1.9144
169 238 4.0743
198 241 4.7615
121 252 5.2524
87 257 4.7615
179 258 4.1724
216 258 4.8597
229 261 5.0560
52 272 4.4670
126 277 5.5469
205 281 4.4670
227 285 4.8597
120 286 5.2524
170 289 3.4852
77 290 4.9578
54 299 4.6633
38 300 4.3688
63 324 4.9578
185 333 0.6381
218 342 0.5400
145 355 0.0491
144 361 2.7980
78 365 2.4053
203 366 0.2454
170 393 0.0491
207 393 3.1907
118 395 2.6998
98 403 2.7980
164 411 3.1907
184 417 3.1907
160 420 0.1473
97 437 2.9943
