161 44 3.3870
111 71 3.7797
189 71 2.9943
113 83 0.6381
116 91 3.7797
151 98 0.1473
175 104 5.8414
214 105 5.3505
75 115 0.8345
121 116 0.5400
194 138 5.1542
141 142 0.0491
93 145 0.8345
30 157 0.9327
185 162 5.0560
130 166 0.0491
170 177 2.0126
226 195 4.9578
124 204 3.9761
194 208 4.7615
209 215 4.9578
161 225 4.0743
187 227 4.4670
38 234 0.8345
223 235 1.8162
40 247 0.6381
84 250 0.8345
139 254 0.9327
209 255 2.0126
34 265 0.4418
58 271 0.4418
82 276 3.4852
117 281 0.5400
136 289 0.5400
46 300 0.2454
71 300 0.3436
147 304 0.2454
93 316 0.1473
125 318 3.3870
123 338 0.2454
163 345 0.0491
39 352 3.1907
46 373 0.0491
119 391 0.0491
