127 26 0.2454
146 35 3.4852
137 63 0.3436
41 64 0.9327
70 80 0.8345
40 92 3.9761
115 136 0.8345
196 163 2.7980
124 178 4.2706
191 190 3.2889
158 204 4.1724
146 219 1.0308
175 220 0.5400
30 222 1.0308
216 249 5.5469
175 251 4.5651
186 276 4.9578
176 284 4.5651
89 294 1.0308
179 306 5.1542
216 323 2.6016
166 325 0.7363
193 334 3.1907
147 347 0.7363
55 348 0.5400
126 350 0.7363
155 358 0.4418
121 374 0.3436
163 374 6.2341
81 384 0.4418
209 385 2.8962
99 395 0.1473
147 395 6.2341
210 396 3.1907
97 422 6.2341
