370 225 0.5400
427 225 0.2454
457 245 0.0491
371 257 3.6816
329 281 0.5400
400 282 0.2454
427 303 0.1473
458 305 3.1907
285 309 3.7797
380 332 3.6816
458 345 6.1359
312 354 3.8779
364 377 0.6381
524 379 5.7432
416 383 0.1473
367 393 3.8779
407 413 3.7797
472 414 5.7432
301 424 3.9761
400 442 0.6381
356 462 1.0308
387 462 4.0743
428 462 0.0491
560 462 5.3505
531 470 5.1542
268 493 3.9761
356 509 1.0308
518 516 4.8597
546 525 4.8597
303 534 0.9327
508 551 4.3688
279 568 0.6381
510 576 1.3254
429 579 3.9761
308 610 0.5400
513 624 0.8345
407 625 0.6381
335 628 0.4418
440 629 0.7363
300 631 0.2454
355 632 0.4418
383 641 0.4418
399 647 0.3436
437 647 0.5400
489 647 0.6381
456 649 0.4418
342 656 0.2454
443 656 0.2454
396 659 0.1473
474 673 3.3870
379 681 0.0491
425 690 0.1473
