204 77 5.4487
197 85 2.4053
94 100 3.4852
68 115 0.6381
122 118 2.9943
192 132 2.3071
48 141 4.1724
129 145 5.6450
129 157 2.6998
159 161 2.4053
76 172 4.2706
127 174 2.9943
121 208 3.7797
27 222 4.2706
163 222 2.2089
56 226 4.3688
103 230 1.1290
4 269 1.2272
163 273 5.3505
59 276 4.6633
44 280 4.2706
178 292 2.3071
19 325 0.8345
99 328 2.3071
125 331 2.4053
171 335 2.5035
80 343 2.5035
211 344 2.6016
230 359 2.8962
189 360 2.6998
148 361 2.6998
90 369 2.7980
35 374 6.2341
152 376 2.8962
196 382 2.9943
164 391 3.1907
111 402 2.8962
