439 30 6.1534
406 41 0.2629
482 52 5.8588
365 54 0.5574
446 64 5.9570
453 95 5.5643
334 111 0.9501
421 119 5.9570
346 134 1.0483
513 135 5.0734
261 138 1.1465
416 141 4.1899
499 147 4.8771
419 162 4.2880
539 164 5.0734
383 171 4.2880
466 175 4.4844
350 180 4.1899
529 194 4.6807
271 206 1.0483
557 208 4.9753
473 219 4.2880
277 223 0.8519
416 224 4.2880
536 226 4.5826
323 245 0.9501
275 254 0.5574
561 257 4.3862
247 266 0.7538
274 267 0.3611
384 273 0.8519
296 278 0.2629
261 286 0.2629
548 291 1.0483
454 292 1.0483
394 294 3.9935
515 299 0.9501
278 302 0.0665
332 305 0.2629
546 312 0.8519
449 329 0.9501
522 329 0.8519
388 332 0.6556
297 337 0.0665
359 337 0.2629
414 342 0.6556
500 342 0.8519
357 343 3.2081
429 356 0.6556
367 357 0.0665
476 357 0.7538
524 362 0.4592
444 364 0.5574
395 370 0.0665
461 373 0.2629
312 378 3.2081
443 383 6.2515
498 383 0.3611
410 385 6.1534
524 386 0.3611
312 387 0.0665
477 399 6.2515
333 413 6.1534
432 415 6.0552
474 421 5.9570
