130 21 3.4852
149 26 0.0491
206 49 2.7980
187 64 3.0925
60 66 0.5400
164 85 3.2889
108 109 3.6816
240 111 5.5469
184 116 2.9943
111 124 0.5400
110 129 3.6816
145 138 0.1473
210 144 5.4487
170 145 5.9396
68 146 0.6381
111 151 0.4418
254 152 5.2524
188 176 5.2524
80 179 0.6381
131 179 6.2341
20 183 0.8345
179 197 5.0560
119 200 0.0491
255 206 2.0126
161 207 2.3071
127 220 3.3870
224 227 5.0560
112 233 3.8779
236 234 2.0126
190 238 4.7615
204 242 5.0560
152 255 4.0743
182 255 4.4670
25 261 0.8345
223 267 1.9144
27 273 0.6381
73 274 0.7363
130 279 0.8345
167 285 0.6381
207 285 2.1108
48 295 0.3436
70 300 3.4852
108 302 0.5400
209 306 2.6998
130 307 0.4418
61 320 0.3436
35 324 0.3436
144 330 0.1473
117 359 0.2454
155 360 3.0925
