147 11 5.9396
178 32 2.6016
95 39 0.4418
134 48 5.9396
162 49 5.6450
132 69 3.0925
87 70 0.4418
55 84 0.8345
199 89 2.3071
78 91 3.9761
107 92 6.2341
166 92 2.3071
52 116 0.9327
66 119 0.8345
55 132 0.9327
137 145 2.5035
45 150 4.2706
160 150 5.2524
53 153 1.2272
122 163 5.0560
57 165 4.4670
83 168 4.5651
52 170 4.3688
155 179 4.9578
188 180 5.1542
180 191 5.0560
137 211 3.8779
49 216 4.6633
175 219 4.7615
93 225 5.2524
57 231 4.8597
153 231 4.1724
194 237 4.8597
209 243 5.0560
97 253 5.5469
183 256 4.4670
94 261 5.2524
145 263 3.4852
48 264 4.9578
215 270 4.7615
167 313 0.5400
