126 19 6.2341
155 22 5.8414
79 50 0.7363
193 57 2.4053
151 63 2.7980
127 67 5.9396
183 69 2.4053
70 75 3.8779
165 81 5.5469
191 85 5.4487
44 88 0.8345
93 90 0.6381
187 94 2.4053
125 97 5.6450
158 99 5.4487
189 108 5.3505
91 112 0.5400
118 122 5.5469
166 139 5.1542
73 140 0.9327
140 141 2.1108
153 148 4.8597
205 162 5.1542
106 169 4.2706
194 172 5.0560
172 185 4.6633
121 202 4.2706
191 209 4.7615
182 210 4.5651
119 228 1.1290
134 232 4.1724
65 236 0.8345
107 256 0.8345
172 266 0.9327
150 274 0.9327
68 278 0.3436
143 294 0.6381
181 294 0.5400
161 321 0.3436
