127 71 6.2341
63 83 1.0308
179 85 5.5469
170 92 2.6016
61 107 4.3688
152 119 2.9943
151 126 3.2889
124 143 0.9327
196 143 5.0560
149 146 4.7615
23 156 4.4670
228 159 5.0560
107 185 5.0560
195 186 4.7615
153 187 1.9144
163 188 4.7615
24 190 1.4235
62 206 4.9578
152 210 1.9144
168 212 1.6199
184 212 4.4670
132 220 2.1108
47 227 4.7615
54 230 4.9578
223 235 4.3688
29 236 4.8597
191 238 3.9761
170 251 0.8345
106 258 5.4487
47 259 1.8162
54 265 5.1542
171 275 3.3870
243 278 1.1290
48 283 2.0126
182 283 3.6816
66 285 2.1108
185 288 0.8345
142 294 0.0491
89 297 2.3071
116 319 2.6998
123 326 2.8962
192 336 0.3436
78 360 2.9943
163 372 0.1473
