199 921 2.7980
179 941 2.8962
275 952 2.6998
222 953 5.8414
163 954 3.0925
232 970 2.6998
197 971 5.9396
329 978 2.6998
251 1013 6.0377
282 1017 2.7980
207 1018 2.8962
176 1029 6.2341
220 1035 2.8962
197 1039 3.0925
153 1046 0.1473
371 1068 2.6016
202 1072 6.0377
280 1080 2.6998
162 1091 3.3870
309 1095 5.8414
273 1110 2.7980
176 1156 0.2454
233 1160 2.7980
297 1179 2.6016
194 1186 3.4852
157 1187 3.8779
237 1191 2.8962
281 1191 5.7432
139 1203 0.8345
238 1232 3.0925
319 1233 2.6998
353 1235 2.6016
174 1246 4.1724
195 1253 4.6633
258 1253 2.7980
175 1260 4.5651
185 1303 2.0126
300 1314 2.7980
