117 11 5.8414
81 17 3.5834
138 25 2.6016
122 47 2.7980
127 59 5.7432
109 63 3.1907
71 68 0.5400
64 85 4.3688
193 91 2.3071
46 93 4.3688
113 108 3.7797
55 119 4.7615
24 123 1.4235
211 140 5.2524
41 141 4.7615
199 163 2.1108
125 165 5.3505
148 166 5.4487
55 194 5.4487
39 196 4.9578
190 197 2.3071
185 206 2.4053
203 214 5.6450
47 215 5.6450
75 216 2.4053
76 223 5.5469
121 226 2.4053
71 227 2.5035
79 237 2.5035
199 239 2.5035
123 250 5.7432
84 251 2.6998
107 253 2.6016
139 259 2.6016
171 259 2.6016
154 270 2.6998
124 273 2.6016
101 284 2.8962
177 297 2.8962
135 302 2.6998
