308 904 0.1473
260 926 0.2454
302 934 0.1473
238 977 0.1473
250 983 3.3870
227 1004 0.3436
348 1018 5.9396
269 1025 3.3870
222 1026 3.5834
263 1065 0.1473
311 1079 2.9943
254 1088 0.2454
366 1089 5.8414
302 1096 6.0377
250 1099 3.6816
281 1102 6.0377
397 1108 2.6016
214 1109 3.8779
380 1110 5.6450
178 1121 3.9761
238 1130 0.4418
189 1133 0.8345
263 1144 6.0377
326 1148 5.5469
291 1153 5.4487
214 1164 0.8345
311 1165 5.3505
416 1172 2.4053
178 1173 1.0308
215 1179 0.7363
255 1179 5.4487
227 1180 0.4418
274 1184 5.0560
347 1186 5.5469
387 1195 5.4487
179 1201 1.0308
337 1204 5.2524
405 1215 2.3071
227 1216 4.0743
327 1217 4.9578
393 1217 5.1542
312 1227 4.6633
260 1234 4.2706
361 1237 4.8597
373 1238 5.0560
224 1242 0.9327
264 1260 4.0743
290 1261 4.1724
377 1263 4.5651
272 1267 1.2272
275 1277 3.9761
280 1279 1.0308
244 1286 0.8345
274 1292 3.9761
361 1296 0.9327
288 1298 1.0308
