189 35 2.6998
127 45 6.2341
93 52 0.0491
119 55 3.1907
161 76 2.8962
145 86 5.9396
104 101 3.5834
186 107 2.5035
215 120 5.2524
110 121 3.6816
227 143 2.1108
160 152 2.6016
141 155 3.1907
99 159 0.7363
160 172 5.3505
77 184 4.2706
133 202 3.6816
157 217 5.1542
146 219 3.2889
33 222 4.3688
61 226 4.5651
187 229 2.0126
143 237 4.9578
115 245 1.4235
228 246 5.1542
240 250 2.0126
146 252 5.0560
82 278 4.9578
31 287 4.5651
158 292 2.0126
116 300 2.0126
182 320 2.0126
146 348 5.5469
209 350 2.2089
112 355 2.3071
173 368 2.4053
