113 26 2.9943
84 47 6.1359
121 62 2.8962
188 66 5.6450
212 72 2.5035
177 73 2.6016
250 112 2.2089
106 115 3.2889
207 116 5.4487
107 137 6.2341
79 159 3.9761
211 161 5.2524
54 164 3.8779
198 179 2.2089
80 189 4.1724
47 190 4.1724
55 200 1.0308
145 201 2.3071
112 207 3.8779
43 225 4.1724
37 248 4.4670
223 252 2.0126
90 290 2.1108
199 290 2.3071
69 306 2.3071
245 311 2.4053
156 312 2.4053
239 323 2.6016
195 335 2.6016
95 339 2.6016
72 347 2.6998
138 355 2.6998
202 361 2.8962
103 382 2.5035
170 398 2.7980
