194 32 2.7980
149 44 2.8962
70 59 0.3436
164 60 2.8962
93 63 0.0491
176 125 5.3505
119 134 3.1907
87 144 0.5400
92 148 4.0743
182 161 4.9578
63 163 4.5651
197 168 5.0560
161 174 4.7615
143 183 4.3688
66 190 1.7181
38 200 5.0560
54 205 5.1542
31 210 4.9578
223 211 5.1542
136 217 4.0743
186 219 4.6633
116 220 3.5834
47 223 2.0126
173 228 4.5651
88 231 2.5035
210 233 4.8597
63 239 5.8414
204 244 4.3688
184 246 1.5217
34 247 5.5469
152 247 4.0743
97 248 3.1907
230 254 4.8597
70 256 6.1359
59 261 2.4053
158 264 3.9761
111 267 3.3870
84 273 2.8962
74 287 2.9943
122 293 0.6381
201 293 1.0308
133 316 0.5400
90 318 3.3870
198 323 0.6381
147 327 0.5400
74 329 0.3436
132 349 0.1473
100 353 3.3870
87 373 0.3436
