325 856 5.9396
340 864 2.8962
280 890 0.0491
227 898 3.5834
290 907 5.9396
214 911 0.4418
298 959 5.8414
227 985 0.4418
283 989 5.8414
180 991 3.8779
232 1002 0.1473
200 1004 0.5400
415 1005 5.6450
153 1017 0.8345
133 1018 0.9327
247 1020 6.1359
210 1035 0.4418
263 1036 5.7432
110 1037 4.0743
193 1055 0.5400
168 1057 0.8345
320 1059 5.4487
258 1068 5.5469
389 1068 5.3505
220 1069 0.0491
175 1076 0.5400
223 1076 5.7432
349 1088 5.2524
202 1096 6.1359
169 1106 0.8345
196 1110 5.8414
106 1111 4.6633
242 1115 5.1542
359 1117 2.1108
433 1118 2.0126
254 1119 5.1542
223 1123 5.0560
203 1128 4.6633
429 1132 5.0560
148 1134 0.9327
125 1135 1.1290
279 1137 5.0560
261 1141 1.9144
114 1142 1.4235
190 1144 4.1724
256 1146 4.7615
366 1146 5.0560
390 1153 5.0560
107 1157 1.2272
131 1165 0.7363
381 1167 1.9144
355 1170 4.9578
98 1171 1.0308
155 1172 3.6816
196 1175 4.0743
101 1188 0.7363
202 1192 3.9761
177 1194 3.8779
131 1197 0.5400
392 1200 4.8597
180 1201 0.8345
244 1201 4.2706
95 1205 0.5400
308 1206 4.4670
402 1210 5.0560
191 1219 3.8779
138 1221 3.5834
377 1227 4.5651
167 1239 0.6381
413 1247 5.1542
115 1249 0.4418
144 1258 3.5834
417 1270 4.8597
160 1273 0.5400
411 1274 4.2706
126 1276 0.5400
198 1276 0.4418
204 1281 3.5834
360 1290 0.9327
139 1295 0.4418
203 1295 0.5400
312 1296 0.8345
394 1301 0.8345
323 1302 0.6381
371 1303 0.8345
281 1308 0.6381
164 1309 0.3436
236 1315 0.4418
370 1319 0.4418
133 1320 0.2454
303 1332 0.4418
334 1334 0.1473
183 1335 0.1473
272 1336 0.3436
352 1337 0.1473
241 1339 0.2454
379 1340 0.0491
148 1341 0.0491
