161 30 3.0925
115 60 0.4418
122 72 3.7797
75 89 0.8345
218 103 5.3505
149 122 6.0377
227 123 2.1108
164 131 2.8962
45 134 0.9327
99 139 0.8345
75 159 3.9761
136 162 0.2454
144 196 5.5469
33 199 1.0308
120 203 0.5400
125 214 6.1359
65 219 1.0308
81 250 4.1724
158 253 4.8597
153 267 4.4670
169 274 5.0560
161 289 4.8597
107 299 4.0743
178 299 2.1108
214 315 2.5035
98 318 1.0308
28 319 0.8345
147 324 0.6381
114 343 0.8345
142 344 0.4418
42 348 0.6381
81 351 0.8345
80 367 0.5400
94 376 0.5400
113 378 0.4418
