115 23 0.6381
89 30 3.8779
67 38 0.8345
76 72 0.8345
166 77 3.5834
86 88 0.8345
155 93 0.3436
208 109 5.6450
62 116 4.0743
44 119 0.9327
99 140 0.9327
242 145 2.3071
47 146 0.9327
119 151 3.9761
142 153 0.5400
164 153 6.1359
85 165 4.1724
96 183 1.0308
166 187 5.7432
131 202 0.9327
135 206 4.0743
194 211 5.1542
156 216 5.6450
185 237 4.9578
29 250 0.9327
202 260 5.0560
64 274 1.0308
161 274 4.4670
188 278 4.7615
197 299 4.8597
59 318 3.9761
65 332 0.9327
236 338 2.6016
38 341 0.8345
171 341 1.0308
112 346 0.9327
131 359 0.7363
169 369 0.5400
37 371 0.5400
242 374 2.8962
65 375 0.6381
104 385 0.5400
87 386 0.4418
130 397 0.4418
168 407 0.3436
