67 47 3.5834
107 68 3.0925
139 70 2.3071
123 84 5.2524
163 89 5.1542
176 89 2.1108
126 96 2.2089
76 102 4.2706
54 104 4.3688
183 108 4.9578
35 114 4.4670
207 116 5.1542
149 132 4.7615
224 135 2.1108
83 139 5.1542
118 148 1.8162
138 158 4.5651
79 164 5.2524
153 167 4.7615
176 171 4.8597
50 181 5.0560
124 181 2.9943
142 199 4.2706
154 202 4.4670
64 203 5.4487
119 221 2.9943
55 229 2.2089
85 230 2.4053
164 234 4.1724
207 237 4.7615
131 241 3.5834
76 244 2.6998
112 245 2.9943
188 248 4.2706
66 259 3.0925
99 263 3.1907
192 268 4.0743
131 280 3.5834
103 288 3.2889
172 292 0.9327
77 297 0.2454
127 305 0.5400
165 309 0.5400
188 319 0.3436
165 331 0.3436
