168 31 5.5469
164 33 2.6016
185 47 2.4053
71 50 3.7797
134 54 5.6450
71 64 0.3436
103 65 3.3870
177 76 2.4053
95 78 6.2341
74 90 0.4418
151 95 2.5035
181 99 2.4053
204 106 5.5469
47 115 0.7363
129 119 2.6016
101 143 3.4852
120 168 2.7980
58 171 4.2706
118 188 3.2889
125 204 5.2524
115 208 4.7615
72 209 4.5651
197 209 2.2089
165 218 5.2524
74 241 4.7615
163 241 2.1108
61 249 4.3688
185 254 2.1108
68 267 5.0560
185 270 5.5469
83 297 2.2089
104 319 2.4053
163 327 2.6016
190 328 2.7980
137 341 2.5035
116 342 2.5035
116 356 2.6998
96 357 2.7980
134 361 2.8962
