112 34 3.8779
153 42 0.5400
95 56 0.8345
237 65 6.0377
220 66 3.4852
149 84 0.6381
184 95 0.4418
131 98 3.9761
100 107 0.8345
121 118 0.9327
281 118 2.6016
194 172 0.5400
160 175 0.8345
275 201 2.1108
208 241 6.0377
240 244 2.5035
28 245 1.0308
190 245 0.5400
156 247 0.9327
222 276 2.6016
188 288 0.1473
42 300 0.8345
229 300 5.1542
208 303 2.9943
194 308 6.0377
247 329 2.2089
102 331 0.8345
200 332 3.2889
70 335 0.8345
238 352 2.5035
159 355 0.6381
223 360 2.6016
165 364 0.4418
94 365 0.5400
55 378 0.5400
182 379 0.0491
218 379 3.0925
106 387 0.4418
62 394 0.3436
85 412 0.3436
109 439 0.2454
