282 971 0.3436
363 986 6.2341
377 1012 3.1907
341 1016 0.1473
335 1031 3.4852
270 1036 0.4418
410 1055 5.9396
374 1060 3.1907
184 1071 3.7797
324 1071 0.3436
337 1092 3.5834
377 1098 6.2341
223 1103 3.9761
420 1124 2.6998
428 1126 5.8414
303 1130 0.6381
251 1139 4.0743
321 1148 0.5400
260 1150 0.9327
152 1162 0.8345
176 1163 3.9761
460 1166 2.4053
398 1176 3.1907
302 1200 3.9761
272 1207 0.8345
161 1228 3.9761
204 1232 1.0308
447 1235 2.3071
274 1236 0.8345
363 1246 0.8345
427 1249 2.4053
202 1256 0.6381
130 1259 0.7363
307 1263 0.8345
177 1277 0.5400
150 1279 0.6381
379 1283 6.0377
226 1295 0.4418
417 1298 2.4053
184 1299 0.1473
160 1300 0.3436
407 1308 2.6998
383 1315 3.3870
237 1321 0.4418
397 1336 3.1907
354 1338 0.5400
307 1347 0.5400
183 1348 0.0491
434 1351 2.6998
368 1355 0.2454
227 1362 0.1473
265 1372 0.0491
302 1374 0.2454
333 1395 0.0491
