151 17 3.0925
128 18 0.0491
196 35 5.8414
58 74 0.6381
30 98 3.9761
72 103 3.7797
217 109 2.4053
110 110 0.1473
48 121 0.8345
223 129 5.3505
129 132 6.0377
246 133 5.3505
116 134 3.5834
170 149 2.4053
141 150 3.0925
28 164 4.3688
122 165 3.7797
192 165 5.1542
123 187 4.1724
268 191 2.1108
137 195 4.1724
77 201 4.6633
52 206 4.5651
129 222 5.0560
174 240 2.0126
182 258 1.9144
58 260 4.7615
231 271 5.1542
186 278 2.3071
135 290 5.3505
213 290 2.0126
236 295 2.0126
220 311 2.3071
44 316 4.7615
199 318 2.4053
53 332 5.1542
224 349 2.6016
152 351 2.4053
207 351 2.6998
83 354 2.3071
107 363 2.4053
179 365 2.6998
79 367 2.6016
129 371 2.4053
219 380 2.8962
248 381 2.8962
165 387 2.8962
99 389 2.7980
138 398 2.7980
206 423 2.9943
