96 31 0.7363
71 38 3.9761
104 78 4.1724
224 104 6.0377
114 111 0.9327
158 205 1.0308
238 206 2.6998
89 233 1.1290
212 257 4.4670
256 276 4.2706
219 286 1.2272
221 297 0.9327
117 304 3.9761
235 306 0.8345
121 310 0.9327
92 311 0.8345
215 323 0.5400
109 335 0.7363
193 339 0.5400
51 340 0.6381
135 346 0.6381
157 350 0.6381
174 350 0.5400
79 355 0.5400
107 357 0.5400
207 360 0.2454
179 364 0.3436
114 367 0.2454
145 372 0.0491
182 373 6.2341
170 375 6.0377
56 378 0.2454
121 389 0.0491
72 397 0.1473
91 417 6.2341
