319 903 6.2341
304 937 6.2341
354 952 5.8414
275 955 0.4418
234 970 0.7363
387 971 5.6450
314 974 6.1359
181 975 4.0743
334 1009 5.6450
220 1037 1.1290
393 1042 5.1542
310 1043 6.1359
237 1059 1.1290
385 1062 4.9578
147 1066 1.1290
418 1067 5.0560
317 1088 4.3688
450 1093 5.0560
361 1096 4.5651
283 1101 4.2706
412 1104 4.8597
247 1108 4.1724
446 1117 4.8597
157 1132 1.0308
420 1140 4.5651
375 1142 4.3688
318 1152 4.2706
174 1155 0.8345
445 1166 4.5651
220 1175 0.8345
461 1181 4.2706
171 1182 0.6381
172 1197 0.3436
438 1198 1.1290
285 1202 0.8345
195 1208 0.2454
408 1214 1.1290
351 1215 1.0308
155 1217 0.2454
434 1219 1.0308
455 1220 0.8345
293 1223 3.9761
173 1227 0.0491
232 1234 0.2454
417 1243 1.0308
350 1251 0.9327
398 1260 0.9327
288 1261 0.6381
193 1262 6.2341
315 1267 0.7363
439 1267 0.7363
329 1275 0.6381
376 1276 0.8345
435 1281 0.6381
339 1284 0.6381
265 1286 0.0491
292 1300 0.2454
363 1300 0.5400
424 1306 0.6381
398 1309 0.6381
343 1315 0.2454
311 1319 6.2341
378 1321 0.1473
