263 850 0.0491
293 853 3.0925
211 873 3.4852
296 886 6.0377
193 907 0.4418
252 912 0.0491
188 919 3.7797
362 927 5.5469
231 936 3.5834
320 943 5.6450
110 950 3.9761
227 955 0.4418
257 969 6.2341
207 973 3.9761
178 974 0.8345
360 1000 5.1542
393 1004 5.1542
173 1015 1.0308
346 1031 4.7615
400 1042 1.9144
390 1045 5.0560
373 1047 4.8597
120 1053 1.0308
333 1059 4.2706
249 1073 3.9761
380 1081 4.7615
332 1085 1.1290
376 1093 4.3688
397 1112 4.6633
129 1117 0.8345
227 1125 0.7363
261 1129 0.7363
158 1134 0.7363
177 1135 0.6381
331 1135 0.7363
380 1137 0.4418
126 1144 0.4418
353 1146 0.5400
206 1147 0.5400
256 1148 0.4418
410 1148 2.7980
220 1150 0.4418
276 1153 0.4418
325 1153 0.4418
218 1155 3.5834
308 1156 0.5400
362 1160 0.1473
168 1161 0.4418
264 1165 0.2454
208 1175 0.6381
346 1182 0.0491
313 1185 0.0491
363 1193 6.1359
355 1214 5.9396
185 1218 0.0491
335 1227 5.9396
362 1237 2.6998
241 1241 6.1359
206 1246 6.2341
306 1267 5.8414
