174 66 5.8414
63 72 3.5834
122 88 6.2341
174 97 2.7980
239 97 2.4053
39 100 0.6381
105 101 3.4852
48 111 0.4418
122 120 6.1359
38 144 4.0743
155 154 5.7432
133 156 2.9943
227 160 5.4487
36 168 0.8345
15 176 0.9327
183 185 2.4053
161 190 5.6450
144 195 2.7980
258 201 2.3071
56 213 0.8345
81 213 3.9761
156 213 2.6016
142 221 3.1907
228 237 2.4053
197 248 5.6450
45 257 0.9327
113 259 0.2454
98 262 0.6381
100 269 6.2341
243 279 2.5035
233 286 2.6998
64 287 0.7363
144 287 2.6998
78 294 0.2454
35 298 0.7363
227 298 2.6998
195 304 2.6998
94 307 3.3870
150 316 6.1359
175 319 2.7980
230 323 2.7980
53 324 0.3436
81 331 3.3870
165 343 2.9943
