287 875 0.7363
253 876 0.8345
324 894 0.5400
255 900 0.7363
265 913 0.5400
206 923 0.6381
315 926 0.4418
341 937 0.3436
327 950 0.1473
369 953 3.1907
256 964 0.5400
205 965 0.4418
179 969 3.5834
341 994 3.2889
319 997 0.2454
372 998 2.9943
216 1003 3.6816
335 1003 6.2341
174 1005 0.3436
187 1005 3.4852
352 1014 2.9943
365 1028 6.0377
217 1032 0.7363
350 1036 5.9396
345 1050 5.8414
297 1055 0.4418
300 1075 0.2454
327 1075 5.8414
215 1078 3.8779
370 1081 5.5469
334 1102 5.2524
352 1106 5.0560
262 1110 0.8345
370 1119 5.1542
355 1123 2.0126
345 1129 4.7615
214 1133 0.8345
367 1140 4.7615
224 1145 0.5400
284 1147 3.6816
160 1156 0.6381
309 1156 3.9761
182 1157 0.6381
197 1170 0.4418
379 1171 4.5651
252 1173 0.5400
311 1181 3.8779
169 1191 0.0491
197 1193 0.0491
344 1199 3.8779
250 1214 0.3436
301 1224 0.5400
203 1227 6.2341
206 1236 3.0925
184 1239 6.2341
306 1246 0.4418
193 1251 6.1359
253 1260 0.1473
