96 33 3.6816
96 50 0.2454
57 61 3.9761
82 69 3.7797
66 75 0.6381
175 89 5.9396
27 98 0.8345
197 108 2.7980
74 118 3.9761
121 118 3.6816
150 123 6.2341
79 155 0.8345
28 165 1.0308
97 176 3.9761
201 191 2.5035
18 194 1.0308
120 194 4.1724
88 207 4.2706
156 220 3.8779
172 230 3.0925
106 241 4.4670
133 242 1.0308
68 244 1.2272
186 245 2.6016
255 263 2.3071
58 273 4.3688
90 283 4.6633
110 286 4.9578
165 294 5.2524
199 303 5.3505
97 320 5.1542
185 326 2.1108
137 345 2.1108
127 360 2.4053
240 360 2.5035
74 362 0.2454
161 372 2.4053
108 373 2.7980
204 390 2.6016
155 392 2.5035
140 408 2.7980
191 410 2.6998
150 437 3.0925
177 442 2.9943
