289 987 0.0491
294 1048 6.2341
198 1066 3.5834
122 1105 0.7363
308 1110 3.0925
114 1128 3.9761
146 1129 4.0743
127 1136 4.1724
238 1147 0.4418
103 1190 4.4670
208 1190 0.7363
354 1192 2.6998
226 1193 0.5400
326 1210 5.8414
124 1213 4.7615
163 1218 5.6450
215 1218 0.5400
254 1234 6.2341
231 1241 0.4418
97 1243 1.5217
298 1247 5.7432
225 1250 3.5834
150 1254 5.5469
130 1255 5.1542
294 1268 5.6450
160 1271 2.4053
228 1276 0.3436
294 1282 5.4487
364 1284 2.4053
266 1286 5.3505
107 1291 5.5469
346 1295 2.5035
99 1299 5.3505
327 1303 2.5035
287 1304 4.6633
208 1309 3.4852
362 1311 2.6016
135 1319 2.6998
331 1322 3.0925
350 1325 2.9943
289 1330 0.8345
158 1339 2.8962
266 1339 0.8345
188 1359 2.9943
264 1383 0.2454
235 1384 0.3436
242 1400 0.0491
203 1410 6.1359
256 1420 6.1359
215 1427 2.8962
161 1428 6.2341
