125 13 3.4852
93 33 0.4418
141 36 3.4852
91 55 0.6381
210 60 3.1907
190 62 0.0491
168 79 0.0491
51 80 3.9761
82 81 0.6381
56 102 4.1724
177 105 6.1359
76 112 0.8345
199 123 2.7980
138 140 0.5400
215 145 2.8962
273 149 2.0126
121 180 4.6633
12 185 4.3688
72 188 4.4670
98 195 4.7615
232 200 4.3688
195 205 1.4235
166 207 1.1290
120 209 1.9144
183 216 4.1724
81 217 4.8597
28 225 4.5651
141 233 2.5035
129 240 6.2341
193 248 4.1724
185 253 4.0743
95 259 2.0126
154 271 3.2889
224 272 4.2706
214 276 4.1724
84 290 2.5035
191 291 3.9761
205 295 1.0308
49 303 2.6998
126 340 2.8962
79 343 5.9396
175 349 0.4418
200 352 0.5400
149 361 0.1473
78 366 2.8962
167 370 0.1473
132 387 3.0925
