119 54 0.0491
142 58 3.1907
77 60 0.5400
134 73 6.2341
105 79 3.6816
45 85 3.9761
210 91 5.7432
75 106 0.6381
206 112 5.6450
130 129 3.5834
178 134 5.4487
83 138 4.1724
156 154 2.7980
138 170 4.0743
95 172 4.4670
26 180 4.3688
200 184 5.1542
220 188 5.1542
179 189 4.9578
24 195 1.2272
122 205 5.0560
61 216 4.6633
86 216 4.8597
193 218 4.8597
31 220 4.4670
49 229 4.5651
176 232 4.1724
148 237 0.0491
205 237 4.7615
6 239 1.4235
120 240 5.3505
79 245 4.8597
185 245 4.2706
151 252 6.0377
188 262 4.1724
47 273 4.8597
104 277 5.4487
197 278 4.1724
210 279 4.3688
68 280 1.7181
116 287 2.3071
93 294 5.3505
120 301 5.5469
148 303 6.0377
106 336 2.5035
163 336 2.7980
82 350 2.6998
