143 32 0.2454
48 39 0.8345
166 44 3.3870
92 53 3.7797
52 69 0.7363
80 79 0.7363
181 93 3.2889
227 97 5.8414
124 109 3.7797
80 113 0.6381
215 127 5.8414
111 143 0.7363
33 153 3.9761
85 162 3.9761
200 162 5.8414
32 184 3.9761
36 186 0.8345
236 191 2.4053
76 197 0.9327
18 223 0.9327
219 226 2.6016
125 232 3.9761
195 238 3.1907
45 239 3.9761
55 240 0.9327
200 264 3.0925
217 264 2.7980
173 265 0.4418
92 267 0.8345
54 272 0.8345
35 284 0.8345
90 290 0.7363
101 295 0.5400
186 304 0.0491
138 309 0.4418
97 313 0.4418
99 323 0.3436
51 327 0.6381
56 339 0.4418
95 363 0.2454
