185 32 5.5469
145 37 3.1907
113 39 0.2454
207 42 5.4487
127 60 0.0491
131 71 6.1359
60 79 3.8779
198 88 2.3071
127 104 6.0377
228 113 2.0126
151 117 5.2524
108 131 6.2341
166 140 2.1108
189 143 1.9144
91 147 0.5400
217 147 4.9578
250 150 1.9144
184 158 1.8162
167 162 4.8597
140 173 4.5651
163 174 4.6633
195 175 5.0560
173 179 1.8162
52 197 1.2272
250 202 1.8162
96 205 4.2706
161 207 4.5651
104 214 4.2706
201 239 4.6633
139 248 4.3688
78 252 1.1290
161 261 4.4670
90 267 4.1724
228 269 4.7615
120 274 4.3688
104 277 4.2706
50 287 1.1290
69 290 0.9327
198 290 1.5217
169 293 1.4235
40 314 3.9761
128 320 4.2706
118 321 1.1290
98 326 1.1290
124 337 1.1290
81 351 0.9327
159 354 0.9327
117 356 1.0308
80 364 0.5400
126 367 0.4418
110 374 0.4418
