241 926 3.6816
321 956 3.3870
208 967 3.6816
351 969 3.0925
244 970 0.6381
361 970 6.1359
319 974 0.1473
350 982 3.1907
306 1001 3.4852
277 1003 0.4418
345 1016 6.1359
292 1038 0.3436
233 1051 0.6381
338 1060 6.1359
320 1061 3.4852
149 1072 3.9761
414 1077 5.6450
219 1083 3.9761
297 1085 0.3436
385 1091 2.6016
278 1108 3.7797
331 1116 5.9396
301 1117 0.2454
192 1119 0.9327
247 1122 0.8345
400 1138 5.4487
267 1144 0.8345
307 1151 6.2341
271 1157 0.6381
311 1163 5.6450
191 1165 0.9327
387 1171 5.2524
352 1180 5.1542
320 1182 4.7615
378 1199 5.0560
362 1202 4.8597
341 1203 4.4670
354 1216 4.5651
426 1234 2.2089
163 1241 3.9761
370 1250 4.4670
375 1250 4.9578
185 1254 0.9327
365 1280 1.1290
420 1280 2.6016
246 1286 3.6816
393 1286 3.1907
338 1292 0.8345
181 1293 0.6381
202 1299 0.5400
255 1301 0.8345
355 1302 0.5400
214 1309 0.4418
415 1310 2.7980
331 1312 0.6381
302 1315 0.5400
178 1321 0.1473
255 1326 0.4418
314 1332 0.3436
233 1333 0.3436
268 1341 0.3436
373 1341 0.1473
213 1345 0.0491
269 1348 0.1473
318 1355 0.1473
