118 32 3.2889
74 33 0.5400
107 57 3.4852
80 67 0.5400
110 72 0.1473
171 76 5.5469
162 101 2.6016
220 113 2.2089
147 121 5.5469
98 126 0.3436
127 133 5.7432
151 141 2.5035
101 160 0.0491
31 162 1.0308
142 164 5.1542
195 171 5.0560
218 199 5.0560
46 211 4.2706
109 222 4.3688
142 224 4.6633
178 227 4.7615
192 229 4.9578
30 231 1.1290
237 240 1.9144
70 243 1.0308
128 255 4.2706
204 290 4.8597
203 320 4.0743
65 331 0.5400
102 331 0.5400
167 331 0.8345
147 336 0.8345
125 341 0.4418
154 349 0.3436
132 356 0.1473
110 360 3.5834
144 366 0.1473
131 382 0.0491
117 403 3.1907
