262 850 6.0377
246 853 2.7980
212 871 2.9943
290 881 2.7980
315 938 2.6998
169 967 3.3870
117 1002 3.5834
360 1006 5.6450
303 1011 2.6016
145 1014 3.5834
130 1049 3.7797
209 1052 3.2889
251 1057 2.6998
238 1066 3.0925
377 1067 5.4487
355 1078 5.2524
241 1087 3.0925
312 1087 5.3505
99 1090 4.2706
205 1099 4.1724
217 1101 4.1724
242 1107 3.6816
336 1108 5.0560
330 1109 2.2089
296 1120 1.8162
371 1120 5.1542
323 1125 4.4670
173 1128 4.7615
203 1129 1.2272
154 1131 4.6633
272 1138 2.2089
300 1140 1.3254
132 1144 4.7615
355 1156 4.6633
118 1159 4.7615
237 1161 5.5469
153 1169 1.9144
160 1175 5.4487
252 1176 6.0377
311 1178 3.4852
105 1188 5.2524
304 1195 3.4852
285 1197 3.1907
196 1212 2.3071
235 1217 2.6016
317 1217 3.5834
137 1219 2.3071
162 1219 2.3071
261 1226 0.0491
249 1245 2.9943
166 1256 2.6016
