324 864 5.9396
266 866 6.1359
352 867 2.6998
398 876 2.6016
329 895 2.6998
407 906 5.6450
264 911 6.0377
304 929 2.6998
295 935 5.9396
363 963 5.6450
286 969 2.7980
245 978 6.2341
423 998 5.3505
288 1019 5.5469
342 1025 5.3505
196 1035 0.4418
217 1046 0.2454
388 1047 5.2524
218 1054 6.0377
343 1072 5.0560
382 1088 5.0560
336 1103 4.9578
353 1108 1.9144
435 1132 5.1542
208 1145 4.1724
150 1161 0.9327
231 1172 4.2706
392 1176 4.7615
411 1179 4.7615
424 1179 5.0560
290 1191 4.2706
218 1219 3.6816
422 1227 5.0560
156 1239 0.4418
233 1240 0.8345
301 1243 3.9761
424 1249 4.5651
176 1265 3.4852
401 1286 1.0308
363 1287 1.0308
287 1297 0.8345
255 1302 0.5400
217 1303 0.3436
215 1316 0.0491
407 1316 0.5400
350 1326 0.6381
306 1327 0.4418
