127 34 3.5834
128 47 0.3436
54 49 3.9761
189 53 6.0377
88 58 0.6381
136 80 3.4852
206 88 5.7432
66 89 3.9761
47 101 0.8345
96 103 0.8345
152 137 0.0491
78 142 0.8345
181 159 5.6450
107 186 1.0308
189 212 5.5469
208 215 2.4053
146 230 5.8414
119 231 0.8345
96 239 1.0308
159 243 2.6016
134 244 0.1473
118 251 0.7363
124 264 0.2454
219 264 2.2089
162 284 4.5651
135 285 4.2706
26 289 0.9327
173 290 4.8597
215 304 2.5035
166 314 0.9327
208 320 2.9943
151 321 1.1290
236 325 2.6998
69 359 0.8345
104 368 0.8345
146 368 0.8345
124 381 0.5400
67 382 0.4418
150 395 0.4418
128 416 0.2454
33 421 0.6381
60 423 0.3436
204 428 0.1473
41 457 0.3436
98 463 3.3870
220 464 3.0925
