157 22 5.7432
213 46 2.3071
203 56 5.3505
224 79 2.1108
188 100 2.2089
59 108 0.6381
69 127 0.4418
125 133 2.6998
127 141 5.1542
228 143 1.9144
108 147 5.3505
208 150 4.9578
187 155 1.9144
79 164 6.1359
58 165 0.7363
231 231 1.8162
82 238 4.2706
182 240 4.9578
94 251 4.4670
128 256 4.7615
159 266 4.8597
111 273 4.5651
28 277 1.1290
184 300 5.0560
157 326 4.7615
78 331 0.9327
39 335 0.4418
78 345 0.5400
100 351 0.6381
128 352 0.9327
28 368 0.3436
155 369 6.2341
87 372 0.1473
128 375 0.0491
82 412 0.1473
