110 32 3.2889
69 41 0.4418
166 46 5.6450
62 51 3.9761
134 68 2.7980
45 69 0.8345
81 70 0.4418
141 71 5.5469
153 98 2.4053
148 101 5.2524
146 111 2.4053
136 117 2.6998
132 123 2.8962
105 141 1.5217
147 153 4.5651
143 158 1.7181
189 166 4.9578
172 173 4.2706
183 179 4.5651
137 186 0.4418
204 191 5.0560
122 193 5.8414
198 205 4.3688
128 219 5.9396
87 227 5.6450
156 228 2.9943
70 229 5.5469
175 231 0.5400
133 234 6.1359
125 252 2.6998
106 257 2.6016
135 261 5.9396
150 272 2.7980
178 273 0.0491
113 297 2.7980
187 320 3.0925
100 327 2.8962
136 328 3.1907
126 333 0.0491
194 348 6.2341
134 355 3.0925
