59 42 6.2341
131 48 2.6998
53 56 3.2889
49 80 3.6816
145 110 2.4053
28 113 0.7363
72 114 3.4852
197 117 2.2089
56 140 0.4418
82 155 3.5834
37 166 4.4670
15 167 1.2272
194 168 5.2524
194 183 2.1108
15 185 4.5651
47 209 1.4235
32 229 4.7615
187 238 2.1108
244 242 2.4053
31 266 1.6199
25 271 5.0560
197 294 2.6016
168 307 2.6016
126 327 2.6016
64 329 2.6016
232 331 2.6998
83 334 2.6016
96 334 2.5035
171 334 2.6998
107 363 2.6998
171 369 2.8962
235 377 2.9943
136 380 2.7980
153 382 2.8962
124 408 3.0925
174 424 0.0491
227 426 2.7980
