73 35 0.4418
174 43 2.8962
159 58 5.9396
140 72 3.1907
148 74 5.8414
62 77 0.5400
101 93 0.4418
175 105 2.4053
84 115 3.8779
61 116 0.7363
87 122 0.5400
205 128 5.1542
237 129 5.3505
86 147 0.5400
144 167 4.6633
30 181 1.1290
242 183 5.0560
227 191 4.8597
199 194 4.7615
102 196 4.2706
153 198 4.4670
139 212 1.4235
74 222 1.0308
247 244 4.5651
107 247 3.8779
34 248 0.7363
146 250 1.1290
67 252 0.8345
88 266 0.6381
113 268 3.6816
20 280 0.1473
87 280 0.3436
226 285 0.7363
186 294 0.7363
203 309 0.5400
116 310 0.3436
41 321 6.2341
208 322 0.3436
154 323 0.4418
123 341 0.1473
180 352 0.0491
