273 971 0.5400
316 1003 6.2341
337 1011 6.1359
287 1017 0.0491
306 1032 3.1907
368 1038 2.6998
288 1046 0.0491
320 1046 3.0925
244 1067 0.5400
302 1067 3.2889
162 1077 0.8345
273 1090 0.2454
245 1102 3.7797
358 1122 5.5469
345 1126 5.3505
279 1130 0.0491
319 1131 5.4487
264 1146 0.2454
278 1156 5.8414
209 1168 4.3688
341 1169 5.0560
141 1180 4.3688
284 1181 4.5651
256 1183 1.1290
324 1185 4.8597
398 1195 5.1542
96 1200 4.3688
287 1206 4.0743
194 1207 4.7615
222 1208 5.1542
128 1217 4.5651
296 1217 4.2706
262 1223 3.2889
318 1225 4.3688
347 1226 4.6633
301 1238 4.2706
242 1243 2.6998
395 1247 4.8597
344 1263 4.4670
97 1267 4.6633
110 1272 4.8597
203 1273 5.7432
383 1273 4.7615
228 1279 2.8962
366 1281 4.4670
243 1305 3.2889
122 1306 2.1108
133 1329 2.6016
311 1336 0.9327
353 1337 0.9327
390 1338 0.4418
215 1342 2.8962
328 1364 0.6381
257 1368 0.4418
358 1373 0.5400
236 1390 0.0491
344 1390 0.4418
313 1396 0.3436
158 1397 2.8962
287 1398 0.2454
263 1406 0.1473
175 1411 6.2341
350 1411 0.1473
196 1413 3.0925
180 1448 6.0377
