98 20 0.9327
54 27 4.2706
124 37 0.8345
34 61 1.0308
77 71 1.0308
190 76 3.5834
142 118 0.8345
52 130 0.9327
121 154 4.0743
166 155 4.0743
198 172 4.0743
132 197 0.9327
176 206 1.0308
32 210 0.9327
178 227 4.1724
166 247 1.1290
190 250 4.3688
57 253 1.0308
130 268 4.0743
203 271 4.9578
180 278 4.0743
146 283 0.8345
193 288 5.0560
216 302 2.1108
70 306 0.8345
128 307 0.7363
97 316 0.7363
120 322 0.5400
167 322 6.1359
207 323 2.5035
192 334 2.8962
156 338 0.0491
69 341 0.4418
116 342 0.3436
41 350 0.3436
175 360 3.0925
123 361 0.0491
98 372 0.2454
156 376 6.2341
139 388 3.0925
50 390 0.2454
98 391 0.0491
199 397 2.9943
159 436 0.1473
90 437 0.0491
