296 901 3.2889
316 916 0.0491
211 945 0.8345
227 946 0.6381
237 962 0.4418
191 970 3.8779
307 979 0.0491
379 989 5.9396
307 1006 3.1907
256 1013 0.4418
171 1023 0.8345
279 1025 0.0491
346 1027 5.8414
312 1041 5.9396
407 1044 5.7432
199 1045 0.7363
285 1055 6.2341
228 1064 4.0743
299 1071 5.7432
380 1073 5.5469
206 1080 4.2706
249 1081 0.3436
223 1092 0.9327
375 1093 5.1542
278 1095 4.9578
290 1096 5.1542
178 1100 4.8597
193 1103 1.3254
400 1104 5.3505
173 1108 4.8597
127 1109 4.4670
228 1111 0.5400
268 1119 3.8779
193 1121 1.9144
328 1123 4.7615
276 1130 4.2706
368 1130 5.1542
137 1135 4.8597
350 1136 4.7615
256 1138 3.5834
253 1151 3.6816
302 1151 4.2706
368 1158 4.9578
342 1163 4.4670
360 1179 4.3688
126 1180 5.5469
118 1200 2.2089
277 1203 3.6816
221 1206 3.3870
356 1207 1.1290
250 1221 0.5400
331 1234 0.7363
368 1237 3.4852
230 1247 3.3870
333 1251 0.5400
264 1255 0.5400
331 1256 3.4852
346 1256 0.3436
210 1260 0.3436
296 1262 0.4418
253 1263 0.3436
168 1265 2.8962
345 1268 3.3870
319 1277 0.3436
305 1278 0.4418
234 1281 6.2341
271 1298 0.0491
292 1305 0.0491
