123 69 6.1359
160 72 5.9396
114 88 3.1907
175 88 2.6998
136 91 6.0377
92 109 3.4852
101 126 6.2341
117 136 3.1907
201 140 5.5469
217 152 2.4053
54 155 3.9761
143 155 2.8962
152 175 2.7980
79 185 3.9761
6 186 0.9327
243 187 2.1108
137 196 3.5834
198 201 2.4053
38 227 0.8345
194 230 2.5035
55 232 3.8779
77 238 0.4418
115 242 2.9943
55 244 0.7363
208 246 2.5035
88 248 0.0491
35 250 0.8345
194 262 2.7980
224 266 2.6016
140 269 2.9943
45 277 0.3436
80 281 3.2889
221 285 2.8962
168 287 3.0925
89 299 0.0491
