216 828 2.9943
222 842 3.0925
211 876 3.1907
140 877 3.5834
311 885 2.8962
154 893 0.2454
187 936 3.4852
349 936 2.7980
270 939 3.0925
295 971 2.9943
135 974 0.4418
349 980 5.9396
170 982 0.3436
214 994 0.1473
333 1004 2.7980
218 1009 3.3870
273 1011 6.0377
155 1020 3.6816
286 1033 2.8962
113 1034 3.9761
206 1043 3.5834
125 1047 0.7363
234 1084 3.6816
300 1111 2.5035
389 1114 2.2089
190 1117 4.2706
347 1137 2.3071
266 1141 3.2889
393 1153 2.1108
219 1154 1.2272
143 1162 4.7615
191 1166 4.6633
174 1172 1.4235
385 1212 1.7181
400 1241 1.2272
369 1266 3.2889
203 1285 5.5469
270 1297 5.9396
225 1306 2.4053
328 1311 2.9943
