294 900 2.4053
195 908 2.6998
247 924 2.6016
158 941 3.2889
328 950 2.4053
258 976 2.6016
238 988 2.7980
335 1013 2.4053
132 1015 3.6816
116 1024 0.5400
295 1027 5.6450
114 1031 3.7797
181 1049 3.2889
267 1057 2.6016
383 1067 5.5469
146 1074 3.7797
109 1078 0.7363
237 1080 2.7980
342 1099 2.2089
259 1102 5.7432
239 1111 2.7980
189 1113 3.6816
221 1132 3.1907
121 1140 4.2706
396 1140 5.2524
231 1156 3.1907
226 1170 4.1724
316 1183 2.0126
301 1185 2.1108
115 1188 4.5651
208 1196 4.8597
269 1208 2.1108
353 1222 2.2089
150 1223 4.8597
192 1223 5.0560
233 1233 5.1542
257 1237 5.2524
358 1253 2.4053
403 1265 2.4053
253 1276 2.1108
391 1296 2.7980
261 1300 2.3071
253 1312 2.4053
377 1327 2.9943
134 1331 2.4053
180 1332 2.4053
327 1332 2.7980
217 1342 2.3071
288 1351 2.7980
192 1356 2.6016
