291 931 2.6016
225 935 3.0925
255 950 2.7980
150 961 3.7797
263 964 5.7432
260 978 2.6998
303 979 5.5469
134 985 0.6381
210 988 3.1907
189 1001 3.5834
125 1004 3.9761
338 1005 2.4053
199 1008 3.6816
208 1008 3.6816
288 1024 2.5035
168 1038 4.1724
224 1042 3.6816
369 1051 5.2524
301 1074 2.4053
355 1081 2.2089
363 1085 5.3505
285 1086 5.4487
256 1096 5.4487
236 1099 5.3505
379 1105 2.2089
131 1106 4.7615
361 1111 2.3071
198 1112 5.0560
228 1112 5.2524
80 1113 4.5651
287 1131 2.3071
330 1134 5.7432
79 1148 4.8597
358 1150 2.6998
102 1157 5.1542
101 1163 1.8162
80 1179 4.9578
352 1181 2.8962
362 1189 3.1907
332 1205 2.8962
161 1220 2.2089
132 1222 2.2089
350 1222 3.3870
303 1243 2.8962
260 1248 2.6016
128 1249 2.4053
180 1258 2.4053
284 1258 2.8962
253 1260 2.7980
149 1271 2.4053
124 1273 2.6016
220 1278 2.6998
181 1280 2.6016
246 1280 2.8962
172 1294 2.7980
260 1305 3.1907
172 1318 2.9943
