283 949 2.8962
256 964 5.9396
223 987 3.1907
332 994 2.6998
357 996 5.7432
248 1004 6.0377
203 1027 0.1473
244 1028 3.0925
360 1036 2.6016
210 1043 0.1473
349 1043 5.5469
260 1047 2.9943
177 1057 3.7797
358 1058 2.4053
382 1059 5.8414
150 1060 3.6816
229 1061 6.2341
320 1061 2.5035
251 1073 3.1907
373 1078 5.7432
164 1081 3.8779
297 1087 2.6998
326 1089 5.6450
251 1097 3.4852
210 1102 3.8779
308 1103 5.4487
381 1103 5.6450
253 1114 3.5834
246 1121 4.1724
163 1130 4.1724
252 1131 4.6633
339 1134 5.3505
187 1135 4.2706
218 1137 4.4670
266 1148 5.6450
317 1150 4.9578
174 1155 4.2706
329 1155 5.0560
242 1157 5.2524
259 1159 5.6450
207 1161 4.7615
136 1162 4.2706
197 1162 4.7615
374 1162 5.3505
342 1171 4.9578
180 1179 4.4670
322 1180 4.0743
190 1189 4.7615
347 1190 4.7615
241 1193 5.5469
378 1199 4.8597
334 1201 4.0743
183 1205 4.4670
362 1210 4.3688
310 1212 3.1907
272 1213 2.6998
247 1222 5.8414
296 1228 3.0925
164 1236 4.0743
242 1236 2.6016
272 1237 2.8962
300 1239 0.4418
174 1241 1.2272
216 1247 2.6998
300 1249 3.1907
329 1260 0.6381
295 1271 3.2889
217 1283 2.8962
241 1295 3.0925
