117 4 3.4852
151 19 3.2889
141 49 0.1473
224 60 2.6016
195 61 5.8414
62 64 0.6381
29 96 0.9327
224 100 2.4053
120 105 0.3436
22 113 0.9327
85 122 3.7797
213 123 5.3505
189 127 5.5469
60 135 0.7363
171 141 5.5469
218 153 2.2089
105 172 0.5400
236 172 5.1542
197 175 5.1542
11 183 0.9327
134 188 3.6816
178 188 4.8597
105 192 0.5400
227 203 1.9144
193 210 4.8597
112 213 4.0743
39 218 0.9327
214 223 4.7615
121 225 4.3688
176 244 4.3688
198 248 4.6633
194 269 4.3688
210 269 4.7615
219 280 5.0560
149 285 4.2706
214 291 5.1542
66 315 3.9761
191 323 0.8345
150 330 1.0308
131 338 1.0308
28 339 0.6381
182 343 0.6381
40 348 0.5400
90 348 0.8345
151 351 0.8345
104 366 0.7363
150 368 0.6381
169 375 0.3436
61 376 0.4418
154 385 0.2454
109 394 0.4418
128 397 0.2454
59 452 3.5834
