80 20 3.7797
188 42 2.8962
68 48 0.7363
220 76 5.5469
85 81 0.5400
165 86 2.9943
88 87 4.0743
80 106 0.9327
145 107 6.1359
107 120 0.6381
227 135 5.2524
34 138 1.0308
100 149 0.7363
109 171 0.7363
209 175 4.9578
19 177 4.1724
137 186 2.9943
104 191 0.8345
246 206 4.9578
225 219 4.7615
262 254 4.7615
59 260 0.7363
50 292 0.3436
202 302 0.6381
88 303 0.3436
224 304 0.7363
99 324 0.2454
160 331 0.5400
65 333 0.0491
181 337 0.4418
205 339 0.3436
116 345 0.1473
232 353 0.3436
168 365 0.1473
169 380 3.2889
