163 36 6.0377
173 76 6.0377
208 84 2.7980
92 87 3.5834
28 95 0.6381
132 95 3.4852
169 101 5.8414
98 127 0.5400
141 168 6.1359
64 170 0.9327
221 180 5.4487
139 186 3.6816
83 190 0.8345
136 204 0.1473
172 207 2.6016
154 212 3.3870
20 215 3.9761
24 220 0.9327
37 223 3.8779
169 224 3.1907
210 227 2.4053
94 228 0.8345
129 236 0.5400
33 245 0.7363
206 250 2.6998
137 261 0.3436
70 263 0.6381
33 271 0.5400
165 272 3.2889
145 274 0.1473
77 278 0.4418
209 284 2.9943
32 292 0.3436
154 292 0.1473
88 294 0.2454
34 312 0.2454
133 322 6.2341
127 350 6.2341
42 355 6.2341
