211 46 2.6998
194 53 5.9396
126 54 3.4852
88 75 0.5400
166 76 3.1907
188 91 5.8414
118 97 0.3436
89 116 0.4418
212 128 5.5469
233 135 2.4053
264 135 2.2089
136 155 6.0377
81 174 0.8345
266 176 5.0560
94 193 0.5400
122 194 5.7432
92 209 4.1724
103 221 0.3436
109 221 4.8597
271 230 5.0560
188 233 4.7615
198 233 4.9578
97 240 4.4670
153 246 4.6633
56 252 4.5651
129 256 4.4670
26 260 4.3688
182 263 4.6633
234 272 4.8597
58 274 1.5217
124 281 1.4235
110 284 4.2706
75 286 1.2272
201 293 4.4670
161 306 1.3254
122 307 1.3254
218 309 4.7615
135 315 3.8779
143 315 4.1724
111 316 4.1724
122 325 0.7363
62 330 1.1290
176 341 1.3254
41 342 0.9327
232 346 4.0743
66 353 0.8345
207 357 1.1290
52 368 0.6381
133 374 0.9327
201 375 0.8345
211 377 0.5400
77 378 0.6381
118 384 0.6381
155 387 0.8345
169 387 0.8345
182 388 0.6381
165 405 0.1473
