155 35 6.0377
78 52 3.6816
169 54 2.8962
174 70 5.8414
128 72 6.2341
58 82 3.9761
166 84 5.6450
154 89 2.8962
75 95 0.7363
96 97 0.3436
120 103 6.0377
130 128 2.9943
99 135 0.1473
160 137 5.5469
34 149 4.2706
151 162 2.4053
110 168 3.7797
126 171 3.3870
50 173 1.1290
56 174 1.0308
36 175 1.2272
117 191 4.3688
63 193 0.9327
191 193 5.2524
128 195 5.0560
154 199 2.3071
86 204 4.0743
98 204 4.5651
65 209 0.8345
186 220 5.2524
201 221 2.1108
64 229 0.0491
63 234 6.0377
135 236 5.2524
225 236 2.1108
155 240 5.3505
48 245 5.8414
170 264 2.2089
75 266 2.6998
120 267 2.4053
149 269 2.2089
95 273 2.6016
226 273 2.2089
206 279 2.4053
99 296 2.6998
185 297 2.4053
140 308 2.4053
59 310 2.6998
106 317 2.6016
164 324 5.8414
68 328 2.8962
185 332 2.6998
79 342 2.9943
173 345 2.6016
167 355 2.6998
