301 953 2.6016
218 955 2.8962
237 999 2.8962
194 1026 6.2341
161 1028 3.2889
282 1028 5.7432
359 1029 5.5469
321 1031 5.6450
219 1036 6.0377
267 1044 2.6998
191 1049 6.2341
226 1058 2.9943
315 1070 5.4487
184 1089 6.2341
228 1090 5.8414
344 1107 5.2524
164 1112 3.5834
261 1114 2.6016
233 1120 2.7980
128 1129 3.7797
286 1131 5.2524
301 1134 2.2089
184 1136 3.5834
246 1144 2.6998
100 1150 0.8345
212 1152 3.3870
399 1156 5.2524
320 1164 4.7615
348 1177 4.7615
253 1180 2.7980
359 1181 4.9578
390 1181 4.9578
237 1185 3.3870
156 1189 4.0743
204 1200 4.2706
168 1204 4.2706
258 1216 0.0491
335 1216 4.1724
249 1217 3.6816
404 1218 4.8597
314 1219 3.5834
148 1228 4.2706
167 1232 4.8597
335 1236 4.0743
270 1241 0.0491
218 1244 1.5217
267 1247 5.9396
254 1250 5.5469
118 1257 0.8345
182 1261 2.1108
130 1264 0.6381
293 1264 0.2454
139 1270 0.0491
245 1280 2.3071
184 1285 2.5035
125 1286 6.1359
313 1289 0.3436
287 1305 0.0491
241 1306 2.5035
368 1306 0.5400
226 1314 2.6016
360 1321 0.3436
290 1326 2.9943
322 1338 0.1473
227 1358 2.7980
202 1385 3.0925
243 1386 2.9943
