157 30 6.2341
162 63 6.0377
102 66 0.5400
155 67 3.2889
141 86 6.2341
174 91 5.7432
106 94 0.5400
49 97 4.1724
127 121 0.0491
206 122 5.2524
21 124 4.1724
28 129 1.0308
124 147 6.0377
73 159 1.0308
107 162 0.4418
89 164 0.9327
47 168 1.1290
112 172 6.1359
236 174 4.9578
213 179 4.8597
125 197 4.3688
134 202 4.5651
81 209 1.1290
188 209 4.7615
173 222 4.4670
83 233 4.3688
144 237 4.2706
92 239 4.3688
42 245 1.3254
237 250 4.8597
76 255 1.3254
123 266 1.1290
140 275 4.1724
228 275 4.6633
76 281 1.1290
89 295 1.1290
42 311 1.0308
219 312 1.3254
47 328 3.8779
97 330 0.9327
171 338 1.1290
56 342 0.8345
88 348 0.6381
203 354 0.8345
133 366 0.7363
108 371 0.6381
156 373 0.8345
175 377 0.6381
68 381 0.5400
