255 940 0.3436
330 944 0.1473
261 948 3.4852
234 965 0.4418
308 1006 0.0491
270 1030 3.4852
313 1031 3.2889
334 1037 6.2341
374 1052 5.9396
291 1053 0.2454
246 1065 0.4418
185 1067 3.6816
214 1067 0.4418
238 1068 3.5834
161 1083 0.5400
187 1102 3.8779
381 1112 5.5469
266 1116 0.5400
141 1120 4.0743
278 1129 0.3436
261 1144 3.7797
305 1145 6.2341
422 1146 5.1542
399 1161 5.0560
442 1178 2.0126
161 1185 4.2706
391 1197 4.7615
231 1202 4.4670
137 1217 1.1290
168 1233 1.3254
277 1244 1.1290
319 1258 4.0743
264 1260 1.4235
276 1272 1.1290
208 1278 1.6199
273 1298 1.0308
297 1298 0.8345
230 1307 1.4235
