142 8 0.2454
158 17 3.2889
166 23 6.0377
73 42 0.8345
180 48 5.6450
158 54 5.8414
121 66 3.6816
103 72 0.5400
83 93 4.1724
95 95 0.8345
124 111 0.3436
58 116 1.1290
195 116 4.8597
159 125 4.6633
181 151 4.4670
34 152 1.3254
122 176 4.1724
105 179 4.2706
196 190 4.4670
83 200 4.1724
91 209 1.1290
132 216 4.1724
199 216 4.3688
42 233 1.0308
62 242 1.0308
43 243 0.8345
137 245 3.9761
141 249 1.0308
100 261 1.0308
120 263 0.9327
164 270 0.8345
116 293 0.8345
146 294 0.7363
96 303 0.7363
128 309 0.5400
