218 859 0.5400
288 871 0.1473
304 887 3.3870
239 890 0.5400
271 895 0.3436
142 915 0.4418
196 919 0.5400
153 921 3.5834
252 933 0.3436
217 936 3.5834
285 959 6.2341
296 973 6.1359
330 983 2.7980
174 990 0.5400
236 1001 0.3436
104 1023 0.6381
243 1043 0.2454
299 1060 5.8414
307 1075 2.7980
346 1078 2.5035
250 1089 0.1473
335 1120 2.4053
225 1136 0.4418
258 1162 5.8414
205 1180 0.6381
228 1182 0.4418
234 1192 6.1359
175 1194 3.6816
275 1201 4.9578
144 1206 0.5400
219 1223 3.6816
137 1229 0.5400
168 1252 0.4418
