143 20 0.0491
53 61 3.8779
204 74 2.6016
156 109 6.2341
73 115 4.1724
210 118 5.1542
186 126 2.6016
107 128 1.0308
36 140 4.2706
54 140 4.2706
87 146 4.2706
50 158 1.2272
234 187 4.5651
83 193 4.8597
67 199 4.7615
98 199 5.3505
34 205 4.4670
231 208 1.4235
55 211 4.7615
214 214 4.3688
113 222 2.4053
156 229 3.7797
172 229 4.1724
123 233 3.0925
96 235 2.5035
226 237 4.4670
114 243 3.1907
62 256 0.0491
34 266 0.7363
141 266 3.5834
216 267 1.2272
98 276 3.1907
184 281 3.8779
40 286 0.3436
150 298 0.6381
166 312 0.6381
205 313 0.7363
102 316 0.1473
67 323 0.2454
131 346 0.2454
88 373 0.0491
