123 42 3.2889
94 55 0.4418
176 66 2.6998
143 70 6.0377
109 105 3.5834
128 106 6.0377
143 149 3.0925
101 155 4.1724
195 169 2.3071
122 173 4.0743
148 175 3.1907
204 176 5.2524
218 197 2.1108
29 205 4.4670
207 214 5.1542
121 244 5.0560
8 255 1.4235
106 258 4.8597
235 265 2.1108
56 269 4.6633
206 282 2.2089
225 284 2.1108
133 290 5.1542
76 299 4.7615
215 311 2.4053
199 317 5.6450
65 335 4.7615
228 335 2.5035
200 349 2.6016
92 361 2.2089
195 365 2.6998
123 370 2.5035
226 371 2.6998
93 373 2.6998
148 376 2.6998
181 379 2.8962
119 387 2.7980
105 388 2.8962
149 388 6.1359
137 409 2.9943
169 409 2.9943
196 409 2.8962
124 412 3.1907
