312 888 2.9943
286 895 6.2341
362 921 2.8962
262 932 3.2889
272 942 6.1359
295 947 2.9943
179 955 3.9761
200 977 0.7363
384 993 2.6016
229 1009 3.9761
335 1014 2.9943
260 1023 3.7797
318 1040 3.2889
269 1047 0.5400
278 1047 3.7797
378 1053 2.6016
155 1058 1.0308
320 1059 3.6816
252 1068 4.2706
257 1082 1.1290
119 1085 4.2706
144 1096 4.3688
96 1107 1.2272
97 1119 4.5651
104 1144 1.4235
122 1165 4.7615
337 1167 5.3505
152 1173 5.0560
117 1175 4.3688
332 1194 5.5469
237 1197 5.2524
277 1199 5.5469
400 1204 2.4053
226 1218 2.1108
150 1224 5.4487
124 1226 2.0126
167 1229 2.3071
353 1233 2.5035
209 1237 5.5469
267 1243 2.4053
135 1245 2.5035
181 1246 2.2089
213 1247 2.3071
389 1247 2.7980
303 1250 2.4053
149 1251 2.4053
242 1257 2.4053
175 1266 2.6998
140 1268 2.6998
400 1268 6.0377
342 1269 2.6016
271 1277 2.6998
259 1285 2.6998
185 1286 2.7980
216 1289 2.7980
371 1291 2.6998
307 1294 2.7980
157 1295 3.0925
359 1298 2.8962
400 1301 2.9943
239 1308 2.6998
233 1309 2.9943
363 1311 2.9943
311 1316 2.9943
