180 888 0.2454
165 897 3.4852
127 917 3.7797
230 919 3.1907
213 952 3.4852
278 975 2.7980
261 1003 3.0925
100 1004 3.9761
115 1009 0.8345
224 1024 3.7797
175 1040 3.9761
288 1040 2.7980
320 1042 5.3505
146 1046 0.8345
256 1046 3.5834
194 1051 4.0743
222 1053 4.1724
121 1072 4.0743
189 1083 4.4670
318 1084 4.5651
170 1085 4.3688
335 1090 4.7615
244 1092 5.0560
137 1093 4.2706
296 1105 1.3254
191 1111 4.8597
325 1126 3.9761
161 1134 4.3688
167 1134 4.5651
185 1134 4.9578
112 1138 1.0308
237 1150 2.2089
299 1152 3.1907
176 1153 5.1542
245 1155 5.9396
172 1159 4.7615
146 1161 1.1290
320 1179 3.4852
206 1189 2.4053
238 1199 2.6998
191 1201 2.6998
145 1203 0.6381
153 1203 0.0491
98 1214 0.5400
121 1222 0.5400
123 1234 0.2454
282 1243 3.1907
132 1244 6.2341
107 1262 0.0491
235 1264 2.9943
240 1300 3.1907
