157 22 2.6016
191 44 2.5035
136 48 5.8414
57 82 3.5834
156 104 2.6016
221 106 2.3071
124 111 5.7432
209 133 2.3071
148 139 2.5035
94 150 3.7797
81 167 3.9761
130 195 2.8962
128 212 3.4852
174 212 2.1108
206 218 2.1108
52 220 4.2706
97 225 4.4670
67 240 4.4670
129 245 5.0560
78 255 4.7615
17 258 4.2706
215 271 5.4487
95 280 1.7181
46 281 4.6633
156 318 2.2089
235 322 2.4053
30 325 0.4418
84 325 2.2089
145 326 5.6450
97 329 2.1108
68 338 2.6016
135 339 2.3071
38 345 6.1359
206 349 2.6016
70 358 2.7980
155 362 2.4053
124 363 2.6016
98 365 2.5035
89 384 2.8962
165 393 2.7980
200 403 2.9943
157 421 2.9943
114 425 2.9943
